1000 9903
626 857
517 902
111 227
95 686
596 897
600 920
252 411
588 285
533 364
241 142
206 636
355 898
82 950
930 392
695 648
77 753
647 549
322 248
930 507
949 269
327 105
863 331
994 678
151 991
501 406
856 699
881 216
40 968
810 212
415 619
142 177
401 9
610 873
829 457
703 496
156 114
835 712
232 72
948 489
776 186
939 678
192 33
818 813
549 939
456 630
454 417
311 296
168 74
612 462
541 535
763 427
585 927
912 185
219 649
456 709
788 175
112 295
796 971
675 746
567 913
183 899
831 791
104 189
488 709
844 846
705 437
445 796
344 728
883 365
276 261
439 219
558 407
462 104
210 1
138 354
46 363
965 383
841 929
400 553
864 14
370 507
685 112
667 749
392 745
506 779
875 654
489 479
966 603
114 458
63 829
300 417
873 97
232 375
606 855
548 399
185 167
613 367
618 311
822 213
367 248
496 950
232 21
237 796
902 994
707 4
526 584
655 876
347 405
4 850
21 604
119 137
692 487
50 770
87 604
345 101
425 221
502 989
194 488
912 729
865 735
833 121
579 909
139 808
677 312
861 523
899 882
22 999
297 164
575 729
373 977
209 848
348 529
22 854
49 660
182 616
679 764
684 810
698 505
83 469
504 894
925 860
268 65
514 361
456 737
536 1000
897 640
478 545
690 505
853 539
412 855
666 126
407 620
837 503
620 905
842 415
42 811
794 474
84 574
451 213
608 944
497 535
704 451
798 269
926 326
909 652
239 3
459 933
85 745
271 772
24 127
760 841
572 763
565 800
656 516
416 505
54 303
17 424
263 135
846 827
155 900
301 766
33 96
54 478
735 18
526 548
569 7
74 943
754 61
661 479
319 330
227 135
234 837
401 294
221 957
807 922
292 661
631 103
778 639
888 928
698 65
696 220
961 8
857 79
456 976
706 380
212 501
178 133
476 418
596 339
979 333
877 406
736 598
734 33
41 788
939 895
980 97
782 731
306 176
880 789
892 932
774 682
997 563
870 771
373 489
620 862
71 662
665 233
166 878
742 457
373 410
732 215
847 134
150 466
188 513
861 969
345 854
515 504
420 17
416 484
158 968
136 632
220 257
257 265
332 971
906 950
927 796
660 249
163 931
560 470
560 61
263 388
825 943
38 908
815 716
997 169
928 416
160 794
159 708
553 853
200 523
960 27
367 929
226 535
890 878
691 963
118 876
855 844
119 368
826 434
316 516
282 660
299 350
382 839
952 4
741 79
827 950
817 878
14 118
274 419
908 678
252 564
903 989
152 874
725 115
156 818
434 172
224 262
473 946
833 518
537 982
296 36
596 375
411 277
344 816
291 875
644 813
956 15
658 145
926 947
583 296
801 96
771 162
405 352
211 49
876 325
399 838
420 291
244 47
878 118
410 377
908 456
228 456
567 837
804 137
612 882
963 447
427 662
615 121
209 410
555 658
132 865
386 401
775 905
135 110
159 356
567 107
110 498
341 148
261 404
341 678
158 36
529 688
569 643
586 547
826 18
864 833
872 716
142 600
968 255
417 111
294 439
817 462
746 444
712 228
125 785
952 339
313 388
792 188
67 548
835 254
142 890
548 729
920 864
890 530
782 394
450 947
952 433
845 282
973 293
351 465
794 315
895 660
572 84
952 32
369 178
441 541
722 886
924 222
491 355
164 603
95 109
631 47
99 102
227 445
429 553
730 268
365 168
763 332
565 510
201 683
648 486
724 337
563 213
156 645
449 18
40 118
884 543
22 826
350 343
874 597
412 942
658 850
182 572
550 152
11 644
679 825
650 981
433 123
107 364
469 781
680 196
183 51
666 27
482 648
232 715
175 735
90 681
354 145
224 63
666 138
283 886
65 34
422 939
500 843
225 452
359 640
537 8
646 858
996 491
922 466
597 254
727 261
589 356
293 807
615 464
765 194
380 7
169 762
243 265
650 75
505 948
691 797
129 552
229 479
523 344
446 687
857 438
324 605
975 764
327 302
57 190
475 731
425 290
950 552
368 308
613 802
100 843
281 951
502 931
138 616
69 772
948 57
995 943
591 991
887 52
913 311
520 495
829 379
498 653
981 32
309 434
252 636
607 58
155 5
142 317
643 376
240 939
826 942
523 962
202 123
130 460
22 198
518 827
317 922
841 256
434 854
533 698
516 296
562 90
301 390
868 684
141 349
235 142
80 725
443 93
671 861
896 601
897 816
914 750
537 345
721 32
72 266
495 893
27 523
211 342
23 16
159 30
235 428
254 152
956 388
766 55
380 726
607 813
976 565
295 351
336 660
680 772
964 30
893 912
909 651
200 163
370 367
208 350
480 659
228 785
599 866
937 831
390 147
565 815
677 933
345 388
508 80
94 777
955 531
674 121
338 376
327 381
954 729
792 244
811 48
705 597
812 271
872 34
854 374
712 395
631 684
526 980
913 497
252 307
380 376
241 38
166 605
457 317
100 879
891 108
892 259
195 565
454 290
626 467
420 918
976 302
423 541
541 154
464 594
818 513
212 272
144 592
400 490
697 644
476 669
312 742
294 778
859 343
278 382
724 282
162 799
573 211
295 985
494 812
499 578
373 37
52 526
374 689
503 855
164 87
165 762
991 515
244 165
416 305
615 886
213 750
291 172
862 277
862 334
505 672
894 138
969 209
112 590
497 720
6 976
903 354
745 442
603 564
909 973
683 693
272 414
813 113
712 472
689 820
983 833
832 533
379 562
827 298
282 697
669 451
216 853
396 853
453 80
846 229
760 870
231 447
542 226
781 922
930 534
671 282
347 318
60 845
815 719
729 550
502 606
644 532
627 359
759 354
142 782
401 368
848 39
276 592
781 717
961 56
894 770
168 458
5 399
635 158
526 803
251 169
757 623
939 414
27 248
516 513
714 914
752 393
611 486
350 94
278 427
763 163
801 578
485 937
839 14
127 741
291 524
164 262
294 641
558 594
62 225
860 531
452 537
877 488
398 611
331 396
1000 973
359 506
44 594
762 203
654 451
344 928
712 587
794 309
589 827
606 875
81 620
466 30
31 138
389 901
76 801
167 634
945 84
305 245
436 617
272 506
992 41
637 626
704 413
926 268
309 155
457 132
129 176
594 68
329 476
305 471
552 592
846 86
410 826
233 885
676 561
293 915
523 174
198 784
385 633
226 585
940 269
959 51
7 998
357 365
215 247
579 592
53 164
459 213
21 582
540 602
812 727
778 323
858 753
712 451
34 691
199 271
905 92
963 722
948 38
877 904
569 175
717 991
791 568
494 424
811 294
946 515
142 4
606 489
293 440
131 277
539 432
448 447
163 817
801 509
730 269
35 753
326 432
274 279
739 89
616 428
867 173
514 609
261 454
390 860
688 920
400 208
460 780
193 399
446 843
749 658
101 675
603 801
205 581
81 575
305 55
360 10
1 286
365 939
687 386
174 307
513 17
179 667
993 243
174 909
102 49
603 636
306 554
626 695
328 78
715 842
276 502
488 884
281 457
634 985
229 3
552 967
932 552
864 878
63 140
764 783
391 645
217 628
750 334
916 36
206 700
651 785
772 571
996 89
213 337
765 260
905 647
90 12
455 244
493 65
169 923
742 572
565 29
949 510
700 820
5 438
173 980
337 770
986 885
184 167
557 794
753 55
459 940
776 122
893 269
523 743
387 40
154 293
943 103
47 18
692 805
58 825
40 196
368 241
198 678
987 972
218 863
771 479
391 502
822 958
269 790
264 163
643 25
477 83
687 320
987 746
642 451
129 316
296 820
643 794
870 869
173 203
213 698
285 147
663 296
576 498
427 576
126 68
280 862
945 924
693 726
436 545
92 195
426 523
160 675
554 722
381 251
399 460
668 779
695 647
641 69
788 412
609 713
168 785
43 175
501 871
561 814
524 438
986 277
949 143
178 490
223 430
523 246
753 193
545 274
6 530
380 155
971 472
351 266
1000 120
378 436
56 176
274 155
721 194
385 883
501 554
269 404
18 148
420 512
498 972
517 15
829 301
811 366
948 141
268 604
38 445
195 580
763 134
235 801
607 25
191 742
106 542
878 548
311 509
224 461
524 722
728 77
526 384
412 608
987 808
164 193
239 655
258 154
886 482
562 492
637 808
583 326
141 239
715 726
559 425
796 525
233 435
658 554
128 545
667 792
814 89
317 671
581 178
563 539
15 828
253 769
219 913
201 190
862 677
167 593
295 540
870 144
253 242
183 235
702 937
262 254
559 636
31 439
733 825
96 162
868 512
387 783
767 590
660 276
113 609
920 249
404 458
155 836
216 854
432 819
567 295
848 363
774 135
651 968
1000 182
92 501
238 90
647 284
119 301
765 347
414 897
509 541
5 236
189 415
25 678
262 725
835 149
428 741
123 135
360 819
837 847
436 232
40 689
730 20
150 639
635 145
217 104
201 595
455 482
763 320
721 456
114 622
341 407
179 36
473 775
420 794
458 213
204 945
9 677
601 3
840 965
786 407
936 312
661 949
518 998
302 141
840 852
403 778
136 655
261 563
247 531
69 287
269 973
453 112
715 357
808 129
183 779
524 837
945 280
2 123
457 472
227 940
637 957
527 739
931 810
869 852
789 456
165 622
889 180
525 510
486 218
736 193
241 869
125 491
132 867
153 392
594 378
963 379
429 331
270 753
747 116
220 368
936 545
437 114
337 52
232 286
258 209
197 576
409 592
176 325
964 230
792 15
359 508
119 384
311 258
581 635
828 168
787 276
826 370
787 257
246 525
319 979
266 301
394 486
864 528
117 784
632 556
261 86
389 474
686 841
263 648
699 718
579 884
636 99
221 995
406 543
902 624
446 268
970 394
623 468
592 136
921 838
667 358
799 452
784 570
857 20
1 800
661 856
957 241
9 705
692 834
329 380
58 802
535 276
761 353
253 645
35 558
1 706
633 799
18 563
754 745
457 226
258 501
166 714
870 894
248 217
139 346
984 717
35 157
537 323
849 561
41 524
622 972
979 978
121 318
859 632
182 207
737 132
976 700
846 481
746 986
585 803
380 716
400 556
21 52
164 842
474 296
794 743
686 425
48 461
713 461
953 318
288 838
976 873
315 569
542 168
413 76
716 619
897 263
440 470
395 205
100 384
66 272
177 905
803 685
109 334
458 710
84 651
468 531
414 985
327 296
367 987
759 293
835 365
32 398
490 347
659 219
695 745
29 303
685 164
568 159
74 616
181 660
899 601
304 925
636 246
35 799
752 283
680 584
541 896
666 999
973 553
303 22
736 239
456 951
826 829
782 928
363 152
400 174
921 636
978 631
596 314
874 548
662 677
463 114
176 532
818 95
981 497
732 569
434 852
738 134
340 350
326 857
610 332
306 493
733 50
366 581
610 319
906 556
762 482
988 13
304 16
345 974
550 780
177 486
827 34
149 18
667 605
294 262
215 273
752 260
862 1000
77 272
243 88
372 380
889 590
693 582
417 203
272 594
583 991
422 548
974 81
461 2
979 701
694 80
695 265
682 632
664 227
258 609
354 729
201 549
550 508
998 506
176 269
50 859
968 825
72 334
860 511
593 220
208 126
483 308
726 464
252 111
950 744
238 46
55 908
172 616
726 323
30 346
323 492
108 622
878 126
347 498
878 489
539 605
613 836
881 923
462 848
566 602
473 185
436 299
826 767
95 22
460 401
725 491
359 669
624 754
181 537
644 135
412 323
917 810
164 371
991 475
477 916
575 591
744 585
670 707
106 942
490 257
58 589
866 996
95 490
453 947
232 984
197 390
849 863
463 455
62 578
893 526
977 454
35 196
54 672
993 88
996 873
478 512
357 977
822 677
699 426
295 543
569 596
617 741
324 61
306 608
969 160
711 781
904 775
96 52
866 552
210 754
634 572
908 261
915 739
686 374
375 563
232 291
552 630
481 503
422 576
99 981
315 752
55 565
822 225
536 394
555 486
276 141
34 477
429 879
655 899
953 231
938 373
849 86
583 146
690 830
877 640
270 342
636 332
954 763
186 609
891 300
692 299
513 648
705 672
190 56
172 739
138 607
415 861
863 339
57 982
611 411
422 238
484 563
456 864
256 812
832 459
647 880
653 755
514 667
472 458
808 356
760 528
153 561
523 959
107 490
112 160
538 388
95 441
27 905
357 642
174 968
302 253
505 503
692 909
641 949
842 30
880 165
511 137
5 978
212 234
162 515
219 734
240 723
334 317
465 690
174 170
970 961
400 803
438 239
899 267
22 494
906 533
504 407
70 410
400 690
590 669
866 605
957 626
618 170
603 530
881 295
949 514
788 640
789 169
912 117
158 920
241 582
254 944
609 647
438 299
595 980
780 578
51 882
877 578
876 923
27 615
629 18
954 957
276 161
506 580
414 851
788 196
510 105
766 368
995 408
637 179
105 450
488 470
604 956
73 828
449 118
221 881
347 570
111 461
482 287
786 839
785 394
876 140
591 964
248 832
528 786
708 672
515 556
551 346
795 812
467 399
585 720
657 835
105 798
466 545
218 551
436 402
421 450
832 471
621 163
923 446
188 418
316 111
192 37
65 297
839 507
196 981
283 607
678 261
330 159
95 413
357 678
429 857
748 441
841 361
418 554
226 463
979 247
583 265
516 454
149 795
704 174
614 481
942 88
417 595
549 282
310 262
633 233
154 818
943 630
340 537
824 914
931 86
749 835
422 863
131 542
79 380
211 300
33 540
487 747
456 133
901 899
993 866
854 941
30 163
15 976
430 633
149 69
492 806
698 137
996 406
48 462
656 264
63 142
797 547
449 750
342 339
343 142
200 360
431 539
659 508
109 333
881 700
864 590
636 418
360 253
643 784
756 425
966 590
954 691
313 297
812 693
660 365
262 658
416 46
270 185
237 58
75 291
518 355
597 81
70 602
682 104
619 703
48 872
748 663
469 136
383 237
938 897
75 180
174 695
654 125
623 600
531 319
907 136
819 47
765 823
740 619
154 338
239 534
912 266
804 264
566 955
715 351
771 449
349 245
120 739
781 40
913 880
642 302
936 47
478 410
596 25
724 86
927 339
729 504
268 204
236 728
239 587
206 256
849 237
46 425
395 211
128 26
755 745
390 330
325 303
642 227
435 867
665 130
277 76
480 328
85 915
598 948
215 272
876 686
897 983
25 902
573 650
902 320
922 386
693 581
875 622
567 428
256 72
185 854
956 935
702 749
629 915
319 167
690 569
105 239
897 279
988 822
181 375
669 365
962 409
376 598
33 395
289 97
822 181
494 42
976 229
295 15
150 886
854 282
910 536
237 252
509 631
575 212
916 280
900 705
887 247
579 190
925 470
104 222
360 872
783 40
128 366
520 336
313 438
562 983
372 983
212 684
22 677
223 108
448 330
431 115
308 750
881 228
765 349
593 552
717 63
625 159
255 300
771 287
705 607
695 566
677 169
370 921
649 653
649 968
706 747
377 39
922 947
706 538
31 893
486 230
884 705
775 626
170 847
214 27
235 367
934 645
150 244
280 640
842 300
419 245
386 278
300 176
391 11
875 812
822 341
646 519
68 441
704 436
763 355
708 324
713 170
989 429
771 518
599 658
897 172
536 284
20 949
791 286
635 742
993 628
472 625
34 740
920 921
315 977
980 997
285 249
270 343
74 892
327 354
44 350
740 137
744 204
34 427
929 974
62 915
407 443
81 937
131 429
39 268
591 995
777 99
663 14
374 165
156 104
928 241
657 981
640 677
71 127
22 577
833 180
887 505
688 657
433 518
401 32
293 18
411 767
256 988
689 678
436 295
245 538
294 535
581 481
28 487
126 774
991 754
978 719
304 482
676 154
770 390
662 989
633 373
477 153
406 159
35 872
162 627
509 296
930 608
572 970
41 534
563 697
983 512
250 644
234 1
850 88
720 824
862 647
793 956
510 336
443 247
931 10
572 808
358 369
763 515
82 459
403 315
837 749
10 316
642 973
661 95
747 752
362 542
882 345
360 115
752 821
329 964
275 490
707 47
48 656
546 115
196 794
234 743
445 791
599 250
322 66
825 169
36 675
651 549
186 868
958 478
209 589
800 1000
824 690
911 972
844 417
972 238
297 34
706 414
35 754
109 829
330 954
296 230
317 144
908 981
372 493
498 23
565 506
416 719
835 640
814 475
473 221
774 887
221 421
738 113
101 863
692 490
766 579
352 299
154 17
136 572
525 62
514 305
116 419
12 38
253 854
839 563
534 167
383 759
315 127
500 945
230 110
243 376
536 269
201 372
260 954
756 226
370 613
150 303
372 235
671 923
283 842
927 45
430 527
328 113
944 181
556 329
940 936
391 992
909 611
719 828
595 770
278 562
135 913
131 72
665 368
974 490
868 681
663 803
634 855
980 831
855 445
813 604
487 857
555 289
78 334
467 897
180 282
270 434
226 616
208 35
48 308
523 348
545 484
983 334
722 502
215 355
522 924
82 919
195 716
472 839
199 236
146 504
369 193
959 822
971 518
86 166
455 23
603 307
543 836
583 795
416 781
127 495
777 260
389 566
250 988
160 258
952 761
112 11
592 790
870 732
504 933
565 478
456 520
457 465
421 374
120 629
56 233
16 336
883 784
965 946
867 363
444 168
615 892
636 692
692 582
988 429
843 498
26 56
100 655
294 795
534 208
793 858
466 82
31 190
215 461
399 698
637 959
955 734
906 554
28 892
646 536
59 926
44 202
300 92
928 989
943 762
693 723
628 56
868 623
480 312
558 295
82 420
923 870
963 309
710 546
809 638
506 306
388 606
617 954
154 600
369 55
534 655
662 432
974 454
208 225
685 881
797 343
870 311
672 615
945 716
110 136
419 741
574 571
318 786
501 789
637 137
416 365
826 296
759 666
315 805
427 303
252 472
20 470
636 54
964 621
325 761
108 767
768 272
937 511
186 941
778 745
548 308
503 382
569 228
477 607
105 720
562 935
725 489
691 313
892 398
749 19
911 772
331 134
683 941
966 441
291 461
557 908
901 152
619 555
311 386
583 878
403 898
776 232
904 148
681 549
305 688
876 41
622 701
987 411
607 171
847 728
353 172
444 221
351 95
142 396
808 168
438 999
40 50
22 230
26 237
486 979
718 734
880 276
705 465
546 855
563 815
438 769
573 346
448 981
286 469
721 686
475 268
149 963
36 549
561 387
965 161
36 331
93 870
996 585
577 953
524 224
50 539
149 165
8 775
569 618
471 30
293 874
315 754
190 482
462 327
301 571
488 222
622 481
59 521
690 941
566 248
470 205
316 818
881 746
955 563
684 147
638 734
930 271
682 892
516 349
103 934
513 654
716 403
133 181
302 724
288 34
950 532
311 798
293 319
204 206
378 573
445 212
817 865
303 234
910 390
255 749
277 779
193 20
696 253
550 232
181 635
314 177
744 649
528 982
486 514
142 334
863 128
903 873
845 214
486 426
999 960
32 884
696 475
331 384
83 291
546 921
874 634
605 506
537 586
202 239
683 708
758 152
891 569
178 388
417 708
329 48
862 362
260 674
979 297
475 507
771 822
956 362
975 62
9 511
410 322
983 515
15 797
890 250
500 973
319 395
211 274
837 458
128 814
556 358
573 576
816 251
599 704
567 102
515 475
258 592
11 168
888 588
141 805
769 68
493 422
699 775
949 851
510 623
96 431
104 997
579 458
114 802
972 232
928 594
727 66
198 788
234 597
898 642
761 968
488 472
217 830
753 348
968 846
208 601
413 312
790 938
481 64
958 76
83 786
292 509
341 86
363 514
350 622
381 853
526 648
811 282
333 978
373 677
869 736
481 781
531 107
145 228
165 233
916 567
649 212
678 89
551 293
187 542
903 828
890 211
695 575
804 647
951 976
934 774
494 889
175 166
841 414
421 290
441 792
409 298
136 686
836 647
766 576
692 611
72 556
914 485
386 10
176 762
799 418
605 335
787 766
11 704
315 1
577 726
995 611
300 859
874 368
695 625
72 778
749 944
954 424
810 820
6 525
577 583
233 281
31 106
457 961
258 274
708 270
893 790
234 245
384 164
37 854
685 106
667 739
580 320
620 577
733 894
592 638
794 738
79 412
82 336
452 354
510 568
846 182
741 420
341 566
751 255
494 12
495 317
225 809
690 885
159 522
759 500
65 941
699 739
881 259
807 31
773 155
223 340
99 346
852 644
797 5
263 745
76 122
490 887
588 29
826 742
539 483
541 177
304 912
854 184
808 512
318 970
598 189
31 724
344 32
952 799
636 187
818 888
229 635
892 585
415 730
416 748
218 680
937 94
41 145
238 998
819 94
748 8
508 997
606 122
273 326
19 678
828 144
61 319
597 861
331 63
480 253
689 975
49 360
233 475
611 367
880 894
148 532
700 201
59 179
281 109
693 816
513 426
116 185
589 767
534 64
666 120
940 879
23 965
500 918
46 286
230 11
875 834
824 944
287 976
895 271
128 871
1 239
384 273
242 637
168 552
866 515
704 426
599 539
106 412
380 723
767 961
438 503
7 102
376 890
162 13
348 480
663 635
157 262
103 590
135 899
915 934
807 332
20 2
684 25
336 439
662 851
592 888
129 926
4 542
703 924
261 137
284 318
301 760
656 905
17 925
960 292
555 427
608 498
293 568
722 390
797 120
562 552
857 405
711 534
547 625
109 448
146 330
240 433
259 633
21 634
905 15
669 62
617 501
768 273
847 871
170 471
820 336
263 866
70 580
803 825
365 376
882 802
230 607
573 739
693 911
961 401
834 129
304 956
66 823
605 834
143 681
682 477
713 477
473 856
937 41
369 607
762 990
598 328
966 172
514 549
933 61
259 66
292 94
168 8
67 794
70 147
112 357
838 340
830 745
660 861
376 474
92 494
185 692
461 671
637 518
728 798
859 564
590 644
258 299
335 811
719 499
415 131
861 463
475 188
531 185
496 881
159 142
586 934
971 956
779 902
707 902
724 552
138 439
769 127
842 671
628 140
828 990
483 631
858 393
181 228
509 823
350 627
493 265
871 617
379 279
54 269
275 464
403 7
908 831
352 696
132 350
43 941
669 145
427 266
194 51
713 885
695 701
882 100
989 896
39 441
133 180
248 952
629 259
911 69
860 659
955 897
460 289
968 972
543 910
661 735
977 602
981 114
104 474
326 329
960 307
282 803
193 132
745 972
763 279
636 543
756 697
805 6
98 394
210 720
637 855
943 136
966 27
235 47
115 629
962 439
706 636
734 150
239 540
149 772
832 906
279 385
512 776
418 743
55 254
662 66
386 329
872 886
968 297
92 97
93 984
158 393
874 63
233 205
185 946
974 242
392 756
484 346
232 499
72 92
498 835
515 474
902 270
745 187
785 494
417 240
146 974
309 386
203 643
688 21
941 701
838 634
270 535
362 540
630 921
439 688
992 214
548 624
968 639
725 620
670 167
151 639
329 859
589 45
441 837
460 103
468 618
53 208
237 83
610 687
756 913
871 102
902 997
407 473
299 688
677 555
471 982
368 413
539 518
544 368
359 593
247 784
38 110
442 879
888 787
687 887
261 651
860 917
517 468
576 944
633 705
598 257
566 803
147 595
813 974
540 138
154 381
762 22
876 114
439 364
187 767
648 379
341 35
944 914
601 317
912 176
509 488
638 285
739 141
559 508
961 901
267 276
128 638
994 809
862 327
738 337
704 161
926 544
624 678
253 852
54 879
555 982
58 354
258 352
248 76
547 314
328 228
241 773
276 268
167 976
442 887
679 288
519 337
498 319
758 673
154 979
31 395
513 152
555 517
793 184
613 263
194 951
233 971
471 449
368 878
738 772
423 418
923 954
431 951
548 517
343 139
833 65
115 344
870 462
570 172
190 149
104 86
929 27
460 518
420 666
419 809
510 420
597 454
93 708
507 224
401 307
311 976
256 602
422 75
479 14
652 940
9 950
191 410
393 343
892 245
967 229
364 958
422 218
709 830
644 175
131 372
65 488
504 568
729 1
530 50
951 902
75 147
916 955
989 559
338 579
965 742
415 709
900 343
135 714
887 705
378 819
734 457
658 801
416 604
18 640
93 348
701 925
350 309
740 997
559 35
784 855
785 162
14 620
680 904
917 613
5 791
780 590
287 189
336 989
988 205
149 941
794 434
154 789
193 825
358 477
395 37
531 599
174 451
271 623
129 66
456 613
176 35
530 910
894 477
793 148
651 82
484 771
989 616
737 503
249 15
669 362
962 404
229 179
582 761
739 762
635 573
82 998
377 910
359 810
324 959
4 829
612 426
735 875
293 892
125 565
514 404
830 112
557 744
958 163
748 937
584 602
911 797
436 311
784 952
636 790
584 937
658 464
821 900
18 947
192 834
89 510
656 285
184 422
891 817
843 178
456 170
847 730
619 843
1000 983
821 727
888 664
156 634
140 87
982 970
808 57
644 711
756 531
960 148
581 300
742 823
641 591
92 495
268 248
27 636
415 253
194 682
68 151
297 629
92 13
663 696
278 670
157 455
943 664
876 653
953 408
861 383
522 399
23 718
728 815
950 631
953 265
275 851
439 574
82 281
414 232
570 2
823 852
683 289
477 265
601 680
817 751
266 419
863 552
24 209
885 828
582 884
755 288
871 121
753 233
856 905
484 842
96 850
388 112
815 555
938 36
122 990
564 233
561 719
477 560
259 741
830 108
504 658
284 80
551 465
80 469
673 288
506 83
434 212
716 194
593 521
232 542
227 279
264 363
394 914
677 249
182 777
218 766
924 262
853 408
451 824
931 610
239 825
459 585
79 800
762 98
836 685
378 875
516 351
723 885
562 397
874 395
892 848
969 405
880 808
199 536
202 268
240 727
300 881
732 876
268 445
914 673
405 474
559 313
671 787
159 79
254 75
383 685
920 397
707 583
943 719
124 563
159 220
785 549
954 244
2 777
79 277
742 127
429 326
880 756
112 846
186 461
704 514
423 372
289 972
556 134
573 800
319 248
11 315
383 333
987 2
811 848
405 527
393 975
655 995
252 60
824 421
843 579
575 152
560 431
890 682
337 858
836 905
433 923
655 784
747 787
824 276
720 165
194 633
955 718
958 227
171 223
119 189
712 457
929 394
735 471
559 918
797 208
545 63
414 640
381 851
458 272
43 694
317 459
924 213
504 686
708 684
434 361
915 266
882 875
298 264
429 546
382 514
570 700
641 17
249 207
909 361
124 332
852 149
635 271
230 545
430 487
947 187
903 732
101 860
620 104
306 224
144 203
79 949
796 963
748 452
7 745
616 878
802 755
965 69
533 897
866 650
887 800
249 756
323 669
288 968
326 528
332 725
794 462
512 563
675 65
441 315
64 606
671 21
804 174
785 658
290 16
592 624
185 830
684 416
480 654
792 956
120 357
945 852
103 548
234 405
953 321
685 697
992 549
121 893
489 737
755 250
920 933
78 333
261 147
959 460
906 216
449 659
125 974
697 181
418 430
134 306
369 117
995 265
834 921
765 655
252 294
414 621
898 902
574 975
846 624
136 161
464 734
534 550
450 769
269 507
678 921
881 99
130 899
746 601
501 370
618 770
892 357
285 625
808 514
860 971
772 101
701 329
919 502
526 140
142 666
804 598
934 209
866 251
518 528
387 46
305 649
549 998
787 977
572 329
294 707
633 845
796 769
134 920
429 808
416 605
914 436
202 98
921 496
774 33
118 822
376 337
605 288
2 141
793 686
598 639
638 440
909 192
801 991
1 451
895 34
224 244
961 529
15 806
514 131
590 604
790 988
348 45
495 814
44 310
465 271
27 512
896 463
918 848
336 764
546 387
528 250
915 714
309 295
720 658
564 803
834 912
394 103
33 685
395 258
567 801
350 936
664 889
58 200
242 861
953 885
232 347
271 780
385 409
336 425
63 174
964 315
54 848
47 904
337 785
930 230
34 787
626 153
522 840
369 384
812 262
650 249
725 547
997 270
916 292
422 485
117 979
639 882
105 559
606 775
494 507
223 219
189 343
445 205
119 26
307 858
317 749
517 9
946 290
743 865
322 427
914 103
237 316
279 740
687 814
718 912
276 743
246 165
150 274
181 664
853 372
925 903
586 401
933 396
202 390
324 846
210 893
301 338
339 99
602 935
109 693
990 326
534 467
585 467
559 439
945 327
49 394
129 274
771 223
187 4
542 670
120 993
714 287
533 953
702 960
684 699
671 975
512 588
533 810
242 671
918 892
998 46
774 351
315 646
478 950
617 778
383 973
929 390
161 639
243 168
595 831
854 600
358 683
342 300
189 46
423 101
959 439
323 145
676 619
111 214
259 953
940 288
168 925
363 765
471 750
958 196
524 364
91 955
809 628
95 851
132 239
375 157
194 416
824 87
256 515
960 535
422 227
261 492
494 753
647 879
1000 534
203 373
409 418
482 184
620 502
162 826
457 494
130 284
994 223
173 474
286 651
809 210
847 302
776 485
84 954
362 164
895 18
86 692
923 487
343 716
750 671
571 297
864 285
684 520
483 985
541 989
376 103
373 632
949 668
987 601
344 709
328 202
880 535
918 169
22 338
560 917
287 440
339 458
33 523
680 270
25 223
634 605
208 194
34 151
71 912
276 72
315 674
577 779
870 400
690 618
915 627
972 576
497 928
295 237
208 285
171 419
725 776
372 544
643 343
993 660
542 193
446 250
517 909
491 207
982 139
68 735
180 433
305 841
555 231
497 19
243 595
781 665
602 150
820 193
184 35
991 220
80 148
527 506
365 173
22 758
705 816
388 484
914 28
222 473
762 818
839 90
75 233
65 435
691 483
640 931
398 983
723 562
643 961
943 786
688 927
529 413
69 364
123 197
164 176
844 530
853 300
126 486
805 137
718 746
495 567
248 368
351 342
128 624
349 398
153 163
488 718
767 200
684 748
831 879
390 355
604 315
36 319
989 207
991 769
922 312
318 897
523 446
346 470
759 846
104 668
980 613
323 954
694 223
987 323
609 309
224 789
165 612
362 751
664 141
3 893
372 516
581 712
17 805
15 310
533 437
592 671
100 398
780 754
275 217
640 37
788 229
925 436
764 412
751 990
98 610
995 264
541 108
262 663
319 834
158 452
570 908
754 97
592 76
459 71
649 27
298 203
338 908
708 626
583 646
565 151
144 733
591 935
687 676
126 966
51 190
442 769
259 333
199 142
748 869
911 861
143 711
148 979
717 734
978 990
140 335
892 580
92 624
678 203
294 704
387 446
834 461
400 548
732 640
606 121
476 326
935 607
964 733
260 583
45 727
852 25
486 811
59 327
861 679
540 398
395 889
127 679
590 572
810 644
801 93
747 227
544 418
594 184
811 88
541 901
159 6
112 894
242 632
797 896
504 323
162 409
879 260
606 580
737 299
189 944
116 208
798 378
30 128
15 628
238 359
419 395
300 382
103 587
362 707
837 562
769 306
993 732
502 586
292 607
894 524
897 406
609 940
104 766
208 3
506 744
290 761
221 771
238 163
80 205
616 47
264 900
228 349
35 963
161 268
234 842
848 194
351 17
194 460
748 939
860 825
754 276
316 863
320 282
799 914
503 491
342 943
880 322
273 116
56 260
94 220
494 730
80 634
959 564
763 159
217 311
880 465
623 635
183 542
293 202
95 306
580 938
351 836
724 290
251 421
529 468
335 963
839 179
531 386
519 817
351 981
696 434
905 682
11 631
974 584
174 864
278 963
983 650
415 110
476 72
432 44
763 840
418 817
828 260
261 645
82 98
447 686
304 168
68 145
160 633
475 177
884 19
905 593
673 559
945 770
806 845
647 119
85 660
655 536
342 301
24 878
976 823
918 718
818 911
454 698
57 28
299 427
622 199
53 72
4 652
54 613
190 83
637 228
124 179
788 61
700 772
772 649
518 413
425 354
126 956
277 934
938 32
521 24
596 708
479 64
442 136
531 83
458 333
22 602
848 829
563 290
782 64
1 989
972 342
630 286
856 762
35 682
675 763
368 161
131 223
297 235
597 48
355 445
799 660
250 205
605 581
827 567
41 238
316 48
10 871
304 520
602 521
328 414
883 716
240 890
371 480
177 951
657 421
767 70
906 374
628 696
88 429
452 950
815 767
440 790
205 554
75 558
896 537
687 256
419 148
495 865
41 682
560 918
281 219
833 416
457 954
547 97
487 594
806 798
241 632
497 982
31 289
626 621
493 418
954 980
992 271
106 136
134 42
372 545
375 898
261 189
356 125
324 723
418 392
347 274
354 522
480 945
320 646
375 160
307 896
713 645
275 94
213 310
824 133
459 90
771 871
195 612
811 690
986 153
513 543
18 215
644 295
956 625
945 21
423 588
852 578
749 70
91 568
616 261
861 573
915 381
493 665
423 690
422 128
560 919
752 212
329 357
648 495
297 199
339 828
45 81
421 302
4 474
614 697
80 864
436 102
917 590
793 720
762 247
728 955
840 597
676 187
296 807
79 36
283 547
654 598
552 504
334 402
567 370
361 464
72 157
275 992
516 738
477 410
324 115
982 262
827 390
603 274
31 261
628 199
100 312
742 891
979 535
964 193
17 804
931 408
751 251
367 770
774 70
608 206
542 77
13 641
200 588
627 295
422 511
60 271
243 558
428 676
177 876
324 981
437 658
512 659
796 351
38 62
316 948
856 353
19 351
463 948
394 985
469 461
914 144
623 614
648 60
334 899
995 967
374 540
32 833
610 441
14 337
622 682
491 100
761 262
482 865
464 796
193 498
288 554
92 736
737 765
19 682
496 653
49 275
398 722
572 169
165 717
577 261
383 257
130 231
677 94
331 682
250 598
421 949
689 173
197 862
144 358
920 455
206 36
162 406
570 267
1 28
681 914
846 500
793 232
906 777
10 194
68 92
163 800
385 366
974 88
560 188
171 490
564 579
381 469
185 58
646 89
318 510
156 461
877 661
204 449
717 72
904 407
579 404
412 150
942 408
848 505
104 196
398 80
900 242
259 650
827 949
1000 286
640 604
412 436
198 397
713 959
751 723
925 155
739 187
78 875
429 727
446 719
22 558
134 856
199 898
837 353
334 927
689 700
136 268
744 545
99 763
951 532
502 320
361 620
363 10
182 578
193 536
410 73
249 999
267 305
360 576
143 873
681 306
700 122
496 568
763 843
36 114
680 133
537 691
535 136
768 760
879 682
606 662
789 158
100 875
228 984
390 443
289 692
185 779
112 805
167 687
974 5
82 240
171 296
408 102
797 532
814 690
447 399
159 283
347 107
629 625
447 28
506 952
731 129
768 949
732 382
200 343
556 44
668 662
66 288
428 447
271 915
315 983
851 649
699 809
830 444
566 364
473 339
825 38
826 457
665 589
151 750
741 218
1000 92
985 296
756 953
540 766
247 54
48 968
398 44
664 527
799 992
910 395
576 111
970 414
317 147
865 684
347 757
222 483
722 795
65 36
552 410
252 590
291 678
710 769
887 356
584 855
681 227
455 760
627 859
380 470
101 980
988 99
106 634
658 213
465 905
463 130
672 345
235 35
453 120
75 954
705 263
442 11
176 723
451 603
315 267
749 566
733 337
382 161
468 852
795 306
27 684
828 442
499 500
318 792
335 154
432 395
676 102
328 204
382 387
76 858
685 240
10 440
784 207
471 219
642 165
841 839
936 922
818 418
784 350
492 825
186 456
236 449
839 121
894 280
396 995
988 837
936 696
721 838
81 39
360 490
721 983
719 580
392 421
377 873
138 137
893 177
102 928
85 393
378 389
294 143
5 200
336 145
155 759
781 663
103 961
342 155
226 672
546 273
325 700
472 224
557 813
778 682
908 749
303 149
71 89
473 250
965 768
531 297
682 401
995 938
339 846
565 452
252 961
435 291
734 453
496 275
26 268
669 550
776 128
378 795
231 259
952 614
681 104
610 94
629 290
391 389
946 124
348 806
563 248
631 613
305 989
399 831
795 67
802 246
328 153
970 808
718 394
520 535
150 182
513 498
839 702
205 350
386 472
426 669
954 941
653 438
569 971
660 502
970 522
310 59
538 982
637 300
214 583
984 866
569 564
819 428
20 900
183 344
297 973
319 136
124 304
586 589
235 85
497 801
132 621
877 414
210 425
929 317
91 86
129 949
846 810
468 227
998 417
341 930
713 727
211 249
81 759
260 344
298 919
907 755
657 740
478 507
237 162
730 817
720 132
204 45
872 95
138 911
947 687
282 14
824 162
184 193
111 494
316 966
835 482
66 745
179 326
776 510
553 693
592 221
96 908
904 169
621 94
948 178
127 405
553 710
882 650
23 318
673 252
116 314
160 280
934 212
465 823
639 415
565 472
549 995
677 190
184 637
352 751
302 205
948 583
718 853
804 390
953 964
933 358
62 860
837 218
433 12
72 988
607 480
285 132
408 510
118 727
600 338
15 803
567 790
179 593
201 137
649 414
90 659
762 950
439 816
701 605
760 7
580 274
871 781
193 942
896 658
860 34
254 785
444 857
637 304
140 578
4 764
551 608
536 263
812 76
67 415
858 446
567 474
437 49
189 656
449 707
871 576
26 881
208 118
65 531
194 185
164 961
493 139
376 96
7 545
527 286
450 94
507 19
513 676
109 443
95 888
995 294
743 956
65 829
520 338
215 691
539 597
905 131
393 297
161 755
270 15
237 424
476 736
637 887
434 391
892 388
216 221
880 324
739 845
22 559
871 183
132 101
655 265
14 387
277 723
300 724
467 317
32 878
876 39
473 972
939 731
600 97
853 369
400 17
454 484
420 92
386 92
61 350
45 825
13 475
288 678
805 847
398 687
457 209
611 944
776 603
943 977
89 958
609 183
565 308
839 437
269 531
241 880
348 12
434 870
499 392
262 356
697 431
456 140
185 921
337 182
514 771
769 193
590 939
774 338
153 292
873 405
401 802
310 146
99 989
509 818
807 367
773 427
422 715
632 315
506 552
323 146
73 959
336 39
856 798
820 889
305 302
280 494
579 242
410 686
446 63
284 398
267 728
623 229
328 630
5 100
862 903
89 511
181 675
754 167
283 255
74 365
472 180
882 835
666 948
591 921
425 2
804 987
999 536
670 520
85 40
57 665
485 846
715 161
274 297
179 92
734 494
368 163
155 842
351 954
45 635
982 520
217 386
976 908
386 945
300 591
62 570
340 440
509 479
580 662
463 50
581 379
800 510
801 811
165 644
281 798
679 927
609 735
619 486
452 967
126 58
756 149
573 489
978 123
448 678
529 899
896 394
400 569
954 240
115 180
944 390
383 187
336 342
558 353
210 307
926 389
858 455
58 943
388 540
390 973
816 991
554 1000
466 600
711 806
712 128
881 575
441 110
987 70
462 724
191 62
284 716
530 756
267 998
20 182
4 723
612 264
631 508
669 223
265 9
987 771
622 225
327 319
842 993
368 692
440 33
929 995
214 87
752 522
756 926
260 411
707 306
912 858
234 896
787 106
924 209
179 410
808 83
475 763
274 506
41 413
351 248
463 978
359 733
695 979
627 905
118 12
52 682
843 225
653 864
142 479
681 111
790 347
433 150
783 594
279 307
743 184
352 401
261 825
887 911
641 651
220 254
852 341
638 354
569 857
942 72
54 787
980 459
864 427
992 80
519 319
543 181
44 428
96 244
627 269
462 487
323 959
676 889
989 494
992 446
978 129
281 471
836 103
560 536
306 770
368 867
738 769
134 20
101 79
618 315
683 365
901 318
439 659
578 605
230 420
637 254
677 775
195 665
670 132
693 45
604 920
56 158
95 775
955 750
227 151
392 160
891 236
618 620
734 618
475 581
744 922
636 152
433 869
179 329
974 871
847 830
648 192
830 40
812 979
783 242
899 977
94 231
334 790
743 718
105 961
730 503
14 420
307 189
312 580
226 22
762 964
139 693
490 643
723 160
883 872
535 307
518 935
815 35
330 187
496 655
490 192
156 113
186 770
980 81
212 187
508 850
269 780
589 919
131 823
227 926
807 791
895 471
163 486
911 963
993 75
92 887
153 188
118 724
211 401
577 549
851 194
233 255
839 669
219 828
987 290
421 772
957 946
653 473
879 257
116 211
29 676
102 858
620 675
863 797
663 625
467 397
300 377
485 179
711 150
51 690
514 718
676 627
750 70
772 626
76 295
764 148
765 233
813 253
260 317
68 530
881 289
863 721
695 708
441 753
800 952
708 593
93 556
948 224
289 421
203 27
591 900
27 233
320 285
619 659
891 982
375 313
418 135
821 911
365 259
921 773
152 794
106 364
563 376
840 979
912 576
35 691
588 797
365 404
68 86
271 732
815 86
47 56
503 522
53 727
690 220
619 846
531 500
18 626
757 212
596 214
213 514
435 568
473 749
735 653
149 746
413 128
478 638
754 547
248 171
802 708
343 548
179 575
642 445
166 779
774 166
418 246
70 439
720 852
280 789
137 908
139 234
658 706
21 2
645 984
138 204
614 131
906 856
689 88
881 563
28 974
547 70
659 640
698 230
486 481
54 229
76 613
150 712
725 880
102 721
200 345
399 347
185 235
259 812
629 736
834 648
707 170
800 536
962 822
1000 159
974 340
354 613
975 901
997 221
769 652
848 387
261 120
449 456
583 549
369 477
952 417
15 328
460 200
977 946
188 233
476 854
981 907
86 225
179 385
398 221
146 74
130 583
592 166
920 960
296 242
95 130
151 172
388 290
209 891
787 924
862 160
809 52
611 96
300 697
652 550
145 428
329 223
37 150
511 35
663 166
994 219
943 150
159 681
975 225
12 113
149 782
226 391
387 665
904 525
373 288
267 383
752 724
997 292
383 731
420 343
832 831
175 719
148 441
337 256
300 140
357 845
162 639
722 117
119 711
300 35
747 458
909 631
513 182
105 607
661 509
543 502
621 786
512 330
175 914
83 60
574 822
946 748
281 619
637 104
646 916
152 504
937 653
298 945
794 986
270 315
346 933
646 182
243 599
794 845
187 63
490 797
171 41
307 818
62 8
246 293
816 540
1000 457
908 493
939 289
14 175
899 615
807 854
596 731
208 748
579 783
709 836
867 172
89 31
312 826
114 762
385 931
523 756
753 913
660 571
826 815
485 727
687 994
621 154
817 10
536 760
294 728
460 688
852 146
853 327
204 653
415 380
231 888
580 868
601 263
231 196
291 819
889 124
909 215
261 560
835 923
124 910
944 510
482 254
225 245
193 855
837 6
704 388
555 861
862 619
44 8
614 248
894 88
272 465
771 569
591 216
495 247
337 253
263 141
674 276
822 388
989 493
223 665
6 177
299 585
626 908
220 733
58 160
450 342
569 276
665 745
635 535
927 617
397 974
270 356
752 379
178 767
627 296
739 930
851 816
322 190
711 440
518 344
320 387
449 33
596 452
626 419
937 276
687 672
724 603
53 464
881 247
810 189
667 348
995 123
354 81
317 91
909 311
303 24
906 13
769 2
937 54
575 716
65 403
503 545
640 28
899 142
500 473
419 204
505 453
37 174
24 835
667 235
266 640
943 846
981 391
430 457
732 563
415 481
122 405
607 482
187 511
638 268
451 418
299 887
918 250
873 240
317 737
655 273
577 981
966 545
880 674
977 376
28 388
816 186
745 228
447 404
855 379
512 643
589 427
863 981
651 72
894 342
641 82
971 759
113 707
20 9
369 345
884 328
907 307
121 796
251 861
711 682
510 686
132 466
115 314
243 497
315 972
601 711
798 939
162 943
968 946
109 296
146 306
57 117
133 968
501 654
99 671
366 344
593 500
189 481
445 631
172 753
468 680
485 630
472 811
553 518
915 107
846 593
8 397
706 60
797 147
856 721
325 626
207 626
635 127
303 79
326 356
17 631
809 846
780 685
930 790
23 461
688 972
999 980
586 267
400 132
278 229
302 239
303 467
382 825
348 889
535 455
719 410
214 10
980 118
529 234
804 420
309 834
205 604
398 685
183 937
32 701
990 474
594 931
228 741
252 253
317 660
836 996
927 463
749 881
816 376
48 210
452 124
89 862
141 9
478 808
817 98
675 28
125 77
291 263
167 680
776 921
281 285
195 163
935 679
902 436
355 553
190 4
105 178
773 197
470 467
354 755
371 787
394 358
307 571
918 701
119 939
959 3
655 826
937 545
259 973
702 355
379 10
677 687
76 769
761 790
872 153
352 877
207 673
838 525
70 667
441 637
338 878
83 604
320 378
856 348
92 790
117 325
868 387
801 606
658 65
333 991
810 260
26 311
101 977
230 575
620 499
931 616
497 650
460 796
724 433
376 287
526 363
88 147
666 374
117 8
248 345
262 816
532 943
226 400
135 814
507 204
304 362
951 392
844 856
222 604
6 537
944 346
128 951
275 968
556 463
18 82
105 846
718 169
528 199
471 69
3 759
816 66
837 724
876 894
309 395
947 908
8 954
741 392
932 911
848 322
115 325
595 591
526 719
219 159
698 332
717 96
940 257
821 2
860 552
539 753
441 846
575 23
246 651
807 960
919 522
412 72
51 312
198 441
135 501
643 732
934 461
150 24
740 436
786 204
610 904
772 399
386 734
925 228
562 615
251 318
799 727
740 746
423 686
192 896
304 714
696 272
36 785
94 43
425 798
464 820
429 830
342 693
127 161
350 320
779 968
743 283
193 411
838 53
117 511
538 273
595 352
544 837
274 650
482 955
657 389
642 499
737 951
154 137
852 480
357 910
853 521
382 83
809 467
427 592
11 913
759 668
90 698
732 253
604 153
552 395
456 32
202 524
793 103
831 763
983 940
585 453
586 918
181 402
662 323
702 876
427 894
762 538
829 828
517 697
439 975
224 597
10 189
305 495
812 506
584 105
968 776
509 760
682 538
885 845
599 947
221 535
765 423
12 833
760 684
403 68
722 410
319 187
341 784
109 468
942 778
835 342
125 554
843 835
21 991
80 373
43 891
154 32
997 502
782 226
565 146
792 130
865 888
403 659
540 848
265 662
127 406
866 258
39 604
217 222
919 381
409 492
317 203
763 359
31 621
178 147
948 467
572 327
420 212
813 555
889 317
100 700
984 487
610 97
573 107
645 558
11 590
304 468
720 141
383 444
903 591
374 721
646 178
487 466
733 406
515 95
37 399
422 476
957 750
887 877
746 771
712 655
819 757
548 29
903 397
970 843
814 766
885 380
44 300
262 383
173 80
232 532
819 610
533 784
832 663
135 20
799 61
837 394
159 146
782 396
533 129
646 672
684 499
592 905
10 206
766 179
253 452
860 172
163 804
440 671
702 667
707 607
578 925
620 479
211 560
547 906
513 110
163 949
242 934
152 386
815 841
195 484
996 830
588 452
59 869
755 333
521 261
9 922
855 190
198 621
200 620
511 612
993 174
298 25
887 201
688 385
138 942
380 397
570 941
190 922
377 753
235 767
626 452
474 475
155 478
908 688
251 265
933 195
424 493
304 771
527 223
584 831
252 917
623 646
862 202
19 492
226 56
286 774
382 943
734 384
828 221
810 432
748 100
783 615
516 354
790 257
991 640
297 428
920 617
926 833
676 360
809 265
206 507
596 71
211 35
966 465
128 573
571 259
740 171
3 367
41 544
888 381
706 818
525 462
840 480
949 642
358 427
572 943
978 402
944 270
383 545
289 735
805 575
332 539
885 449
49 255
158 939
127 514
590 942
426 483
44 54
463 983
301 929
196 137
949 981
595 965
599 789
328 656
298 840
544 928
962 499
893 169
324 740
271 927
423 240
831 247
46 873
450 14
621 852
734 774
825 42
480 793
483 170
437 964
753 312
365 50
994 546
320 605
235 586
422 138
995 212
452 965
715 213
588 93
769 989
193 352
152 969
136 462
787 911
693 397
240 96
606 280
18 801
876 885
795 123
559 130
136 300
523 936
193 269
356 847
857 806
141 37
221 343
359 338
776 284
101 801
912 332
487 52
788 855
715 273
500 129
887 567
727 834
168 379
353 929
858 910
275 858
420 337
945 246
72 870
736 221
241 785
202 745
77 491
817 60
987 460
918 786
557 50
651 181
86 522
236 847
149 192
310 998
195 158
430 731
938 439
487 990
418 163
882 508
168 838
744 485
346 129
964 282
579 437
816 929
85 548
753 506
915 855
848 466
445 956
319 967
985 671
54 400
170 117
498 806
688 183
228 387
197 868
855 870
930 411
419 898
521 174
316 574
961 311
973 938
415 826
930 522
958 15
325 585
696 51
880 304
859 190
810 199
648 182
723 730
133 434
212 349
86 370
25 239
644 66
60 281
498 746
905 442
47 13
269 3
861 937
85 303
478 139
502 285
361 927
468 165
396 138
142 418
515 836
974 747
204 687
1000 790
253 522
344 794
273 482
476 239
460 912
871 438
230 314
657 713
183 912
261 121
975 116
478 564
448 999
801 933
288 848
185 756
239 425
149 913
872 858
227 837
849 639
220 10
927 692
896 361
219 834
388 733
651 209
814 895
661 8
379 393
586 141
509 774
519 111
834 607
689 320
750 347
919 986
701 683
171 18
356 30
780 744
379 215
312 156
664 433
494 132
117 855
596 892
606 813
604 923
19 23
419 977
648 997
42 412
9 45
33 251
384 519
762 638
891 94
583 892
35 954
180 177
787 139
56 511
333 525
665 811
5 458
243 851
711 216
70 736
342 901
36 592
972 260
494 704
152 769
173 745
304 792
395 691
700 914
829 510
155 19
339 878
212 480
296 440
421 380
602 603
600 56
451 646
353 397
736 456
53 914
439 505
847 492
237 758
41 740
250 480
785 299
883 568
735 571
560 629
98 684
228 707
802 558
55 62
537 299
610 307
962 808
245 732
386 402
799 175
512 615
16 790
680 317
954 196
25 232
690 714
512 534
341 181
418 9
896 374
664 977
681 917
560 802
958 755
46 513
414 101
863 798
747 477
115 30
9 397
245 879
33 279
10 291
453 658
426 302
188 266
397 927
324 641
253 293
902 232
228 101
319 910
540 955
364 613
95 727
833 490
523 370
137 51
177 818
731 503
753 275
992 719
437 320
259 608
298 6
696 909
824 66
856 982
85 175
825 344
995 8
852 903
47 231
484 515
69 635
126 868
182 906
532 593
703 424
523 830
526 115
213 188
929 635
517 276
386 822
979 493
688 974
507 704
793 625
408 657
466 909
66 577
714 213
995 798
666 272
4 415
957 303
409 233
157 923
781 65
361 736
331 764
315 211
512 805
522 297
308 514
645 803
261 894
961 758
266 900
603 839
984 657
788 513
409 560
898 193
877 478
559 658
391 124
504 502
512 579
676 990
1 194
148 279
769 197
759 780
690 577
855 281
638 923
784 390
392 575
409 583
655 614
337 979
324 342
141 904
950 422
664 203
426 258
993 690
543 317
614 692
678 540
450 170
76 326
792 175
209 291
85 496
46 878
952 309
293 707
655 181
416 242
971 320
61 728
268 918
285 784
437 725
708 449
332 269
613 876
389 850
563 443
88 857
273 953
978 894
688 652
841 291
517 487
30 894
329 371
187 637
861 218
264 791
840 833
657 125
714 870
291 907
93 363
496 379
64 31
463 137
429 873
162 932
400 113
678 356
274 598
902 622
157 895
999 216
456 296
588 625
519 561
886 330
615 904
136 922
33 802
992 217
885 955
228 667
192 401
283 970
675 476
573 290
20 655
976 717
932 93
157 562
200 11
521 823
192 553
79 285
580 342
86 523
677 595
254 813
512 333
965 429
768 999
327 900
254 956
256 11
337 944
245 807
154 253
158 166
641 152
200 376
702 547
276 616
137 361
835 94
194 842
893 332
470 231
678 568
664 86
430 870
685 916
461 288
179 312
565 922
803 525
722 583
51 397
19 107
160 1
998 875
839 301
986 867
532 299
381 875
717 977
4 908
497 374
743 849
943 371
247 134
728 721
621 117
368 485
188 336
541 340
368 356
212 350
911 838
805 463
553 382
863 89
207 421
961 193
579 558
359 302
717 644
939 662
320 102
50 435
197 452
773 515
102 487
340 472
992 903
44 214
567 920
605 325
886 342
379 844
570 711
205 712
546 516
586 773
235 433
920 497
499 68
29 555
46 379
345 878
931 211
239 142
225 468
867 901
920 143
704 614
449 585
157 312
820 616
270 585
46 964
102 342
702 479
479 962
940 336
637 250
53 540
654 64
553 781
73 891
493 162
188 754
406 891
405 668
964 952
872 53
892 40
837 889
366 323
648 998
652 982
209 388
782 369
394 542
397 685
570 919
976 418
170 505
354 266
541 22
216 81
997 500
543 952
251 254
269 249
186 783
971 777
924 49
212 259
344 443
217 179
850 722
517 430
757 553
857 67
549 797
36 672
952 809
574 160
387 22
39 979
64 185
468 75
286 803
511 23
979 321
156 760
438 534
221 414
630 122
577 366
84 906
856 163
736 457
45 621
173 172
747 75
918 530
231 971
380 519
201 140
746 912
968 362
20 839
612 825
900 803
171 693
44 189
751 225
410 563
343 467
341 967
555 715
239 162
242 706
977 381
723 369
851 292
814 664
393 732
394 111
639 984
180 572
328 999
544 791
928 694
945 872
788 418
739 660
612 750
370 241
310 962
836 470
603 485
331 587
648 279
855 203
142 776
494 161
302 852
132 243
575 41
479 196
778 269
483 1
503 194
126 907
640 294
109 759
904 251
449 2
417 786
844 397
991 206
630 410
612 177
230 368
835 594
144 591
677 379
919 274
815 237
69 523
929 634
917 257
397 4
58 892
744 738
972 440
496 449
424 126
944 885
247 620
880 773
857 968
217 425
149 532
999 806
505 486
857 889
914 400
757 208
403 877
336 78
504 170
395 781
550 647
995 596
931 828
684 540
44 387
49 19
713 116
16 228
89 818
20 756
584 659
483 818
656 404
642 219
847 150
116 140
971 950
869 940
223 845
99 883
409 725
854 993
600 704
729 924
159 257
262 643
771 643
573 787
613 326
461 217
543 534
727 194
233 906
472 718
253 343
275 365
530 653
930 147
787 262
971 613
612 273
495 383
760 740
834 823
835 242
448 544
360 146
986 106
933 673
132 320
117 782
975 822
122 628
32 340
142 793
414 514
734 919
851 898
887 175
810 94
4 937
355 119
1 933
740 354
118 138
619 627
284 216
161 515
18 908
610 850
866 200
574 233
758 346
575 688
651 314
65 431
784 603
249 171
965 677
217 389
97 879
648 329
566 545
308 923
438 990
960 90
779 574
330 334
295 720
775 586
478 606
761 34
245 369
338 181
507 440
162 647
992 218
205 547
520 609
760 232
249 743
629 240
788 550
400 687
391 99
267 81
159 199
534 497
387 968
135 94
394 84
158 901
324 405
880 749
510 440
388 650
674 606
360 321
229 690
328 831
203 701
224 752
980 815
273 95
432 973
252 198
822 222
834 744
337 960
986 479
788 201
241 300
5 161
759 678
125 914
623 151
618 629
94 154
711 464
693 69
626 40
75 306
402 30
887 179
781 319
329 675
316 943
126 850
127 511
806 14
443 532
207 567
482 114
65 26
749 464
682 411
867 157
943 80
941 372
434 64
680 888
406 506
355 478
728 100
1000 905
777 578
399 285
662 683
420 2
847 357
995 654
887 612
733 286
770 776
662 794
295 871
374 712
951 376
292 171
520 910
170 779
852 483
709 422
858 864
895 399
309 601
291 482
2 883
873 310
16 955
917 11
375 841
558 279
923 662
286 58
132 708
727 277
251 708
487 824
219 98
185 182
243 360
685 769
154 763
376 583
937 860
954 866
848 289
595 620
959 503
309 142
26 916
498 249
660 120
165 463
773 128
446 504
911 22
436 182
332 455
506 446
270 53
398 238
665 809
189 187
709 804
925 743
820 451
877 238
181 535
458 140
957 182
613 564
229 815
815 200
982 363
696 320
435 148
933 189
93 432
815 185
748 236
435 261
878 539
113 419
443 798
588 490
154 423
501 12
305 785
74 94
577 365
526 294
272 117
526 559
598 680
33 888
912 37
141 333
607 494
405 424
157 727
249 814
732 813
382 114
285 516
277 238
442 287
652 46
563 765
175 643
733 181
166 962
44 190
686 245
375 652
529 590
197 1000
34 702
521 846
443 440
135 422
727 328
584 170
103 498
585 375
517 666
385 359
470 944
298 704
945 45
206 888
544 903
138 248
15 274
716 701
698 400
954 774
395 194
354 602
980 666
392 355
216 615
379 245
696 689
601 414
773 339
632 515
925 56
928 260
327 258
55 819
518 425
460 161
537 301
798 841
30 727
416 71
569 135
281 946
80 340
525 418
449 1
436 313
240 138
312 775
95 4
374 197
51 226
217 142
861 717
933 192
327 177
365 510
79 560
631 999
706 474
925 636
160 314
126 757
456 62
610 830
627 836
222 40
278 270
563 236
625 283
109 906
27 955
14 679
183 820
738 205
212 228
288 700
934 551
861 673
260 690
68 507
514 205
187 31
409 9
693 793
550 614
612 847
645 946
81 897
742 510
780 159
747 340
448 743
533 817
887 461
792 603
512 756
968 22
612 1000
328 949
58 2
811 576
963 285
90 915
253 485
552 612
776 960
834 530
778 840
855 392
488 202
696 136
9 312
263 503
364 14
472 638
623 13
988 670
366 30
169 546
122 514
907 672
600 910
858 190
755 298
848 963
647 674
760 596
691 978
375 69
692 313
93 419
185 313
106 286
694 586
695 807
373 725
246 333
230 838
947 794
471 948
38 121
26 529
467 385
912 530
621 32
623 566
790 599
863 103
386 873
752 160
184 588
916 773
299 781
183 747
554 781
724 445
783 580
163 327
187 349
1000 844
250 439
583 283
932 17
118 742
874 256
784 24
400 785
813 419
444 586
675 478
35 127
64 880
590 751
166 955
323 824
20 888
849 480
266 152
358 354
231 752
290 2
879 324
111 942
404 14
615 334
337 710
451 45
475 947
775 158
873 4
855 428
214 284
142 553
459 397
994 309
722 291
150 856
816 932
781 942
671 494
802 395
143 129
61 536
650 215
473 432
604 780
20 291
975 789
981 840
178 679
394 632
23 149
290 569
590 500
169 824
117 914
583 661
160 21
731 686
42 217
16 740
52 914
950 895
539 384
249 356
360 587
270 328
772 26
412 665
554 862
351 900
625 291
224 388
482 964
525 160
728 20
691 136
412 959
491 158
261 11
903 615
151 258
796 981
231 80
257 875
420 481
500 23
301 34
358 93
583 396
783 894
738 471
131 767
79 221
962 963
249 642
969 153
474 537
645 906
244 387
686 222
448 664
12 313
803 30
825 570
737 262
613 443
483 730
46 744
431 858
305 402
312 466
590 997
979 686
229 973
121 666
379 394
641 73
256 233
77 127
707 216
593 225
367 778
208 129
63 13
371 636
303 483
512 248
221 822
35 89
540 654
997 353
691 522
179 743
808 750
937 398
670 424
948 10
351 181
563 501
378 245
913 294
346 599
151 866
856 280
623 622
754 459
909 387
715 508
662 709
723 985
226 131
942 309
661 673
28 397
359 477
948 590
628 986
611 780
726 84
407 811
705 785
325 110
914 573
109 711
455 991
52 225
334 724
615 893
283 662
310 333
292 200
258 424
496 611
338 122
690 487
53 437
917 332
743 110
772 388
513 471
845 986
771 907
446 762
746 33
512 745
55 473
771 536
130 526
704 469
478 960
682 483
464 654
517 665
183 437
756 489
993 521
208 335
926 455
788 351
179 947
346 213
370 239
647 411
815 853
597 148
217 672
513 915
641 198
168 912
356 550
319 907
157 60
510 802
758 745
189 395
585 322
7 542
764 1
893 483
717 181
683 109
82 876
27 247
69 838
356 609
15 160
679 249
393 376
982 426
605 805
464 938
203 17
791 624
449 177
164 286
70 707
329 459
700 718
960 291
590 982
743 744
66 954
784 625
855 766
571 859
240 105
627 839
810 301
283 423
13 242
878 564
516 223
41 249
244 912
619 836
378 858
396 77
270 599
535 450
934 226
886 8
348 741
596 67
444 304
687 372
429 36
430 775
803 267
310 297
37 431
884 838
851 119
836 993
215 484
814 984
380 660
272 399
861 451
866 571
210 183
949 928
685 934
137 656
154 542
599 672
584 199
399 304
856 875
771 645
224 726
557 236
480 576
889 740
506 960
508 22
100 504
553 826
189 574
63 69
399 71
685 649
848 121
556 842
703 53
257 229
356 160
17 962
68 636
647 562
616 116
372 906
47 378
470 299
240 344
920 564
248 819
523 625
249 478
549 753
66 477
193 231
502 107
891 557
342 960
970 489
328 546
958 270
528 963
601 19
801 593
36 762
239 989
865 390
41 949
445 314
363 81
878 976
370 943
518 865
343 992
679 694
265 87
672 704
199 525
810 690
112 425
300 868
687 264
728 855
842 227
3 298
624 282
794 78
872 866
135 186
124 983
505 595
681 560
187 171
923 543
708 287
976 607
955 764
153 408
543 111
105 119
31 411
270 705
492 817
220 320
225 574
816 71
907 400
192 342
807 443
868 699
704 652
997 25
870 281
564 268
492 266
987 31
695 326
509 751
238 407
521 615
560 459
57 803
446 224
543 274
949 215
952 357
381 405
683 407
132 407
631 501
557 498
688 367
493 76
1000 416
13 741
561 723
905 115
959 768
856 543
564 208
964 682
17 371
489 846
626 441
61 874
373 680
284 143
14 32
472 151
201 639
990 825
347 809
408 959
959 998
995 175
136 381
669 653
493 545
991 294
350 442
657 94
126 413
573 66
524 99
35 431
142 50
855 95
865 140
650 880
44 551
836 856
671 730
49 282
269 882
625 524
315 28
23 839
600 382
620 769
642 127
310 273
317 727
414 339
371 76
326 686
85 896
410 474
17 481
556 319
281 303
873 664
481 729
381 230
385 281
650 263
959 275
281 472
484 241
913 241
612 757
719 691
233 832
606 556
76 314
741 56
815 801
157 87
813 839
473 354
437 455
539 347
190 129
63 413
12 973
53 151
268 970
752 557
750 40
808 751
707 279
98 10
88 869
56 387
293 895
331 59
354 248
907 806
911 822
36 604
296 289
60 330
92 911
106 664
490 635
877 381
201 740
481 340
652 533
283 467
758 51
481 453
620 48
912 377
788 505
198 90
456 645
18 756
827 630
511 225
867 409
745 769
102 390
800 462
953 972
308 861
572 162
390 539
961 637
486 944
74 500
309 921
914 589
371 849
799 282
729 634
257 231
956 295
205 905
999 451
676 934
254 142
992 115
37 235
884 1
185 242
498 343
39 845
690 601
909 697
401 830
621 620
910 969
327 585
879 492
405 987
137 341
428 460
638 861
217 679
706 160
200 435
60 955
920 908
774 27
868 962
925 133
416 298
482 967
507 442
805 407
661 379
756 575
725 552
411 688
263 691
397 637
470 413
668 472
762 559
155 695
907 612
227 575
808 715
739 853
367 636
418 575
852 540
501 426
1000 263
564 136
51 375
489 774
700 600
421 169
170 363
725 507
925 713
85 28
852 87
395 409
844 287
991 88
5 699
407 251
196 894
431 241
701 211
540 87
69 171
355 395
339 782
784 641
412 706
992 612
314 592
520 155
614 751
814 285
687 17
139 551
126 469
217 479
329 181
644 804
692 552
899 398
576 1
795 289
597 757
547 384
140 986
602 861
71 754
419 21
442 222
742 365
20 759
441 861
978 399
284 828
361 407
489 106
400 725
590 768
223 896
409 809
288 613
124 658
750 586
841 878
93 745
215 964
538 790
137 663
440 320
703 705
836 422
987 50
269 709
976 801
24 174
721 275
445 546
941 733
582 721
677 887
588 406
992 59
186 654
995 181
356 210
449 336
154 218
323 299
497 108
945 253
751 792
99 385
617 476
161 294
237 499
865 699
437 578
985 66
971 51
645 318
278 441
818 674
639 462
865 389
166 354
705 252
835 849
857 809
342 675
350 366
408 753
545 708
196 624
948 519
145 310
444 358
746 674
598 579
675 738
6 628
571 437
45 934
529 857
16 180
415 52
608 702
906 517
257 76
336 291
270 932
771 949
131 530
560 896
928 932
943 723
267 82
710 698
737 248
776 800
150 397
104 683
15 513
417 274
129 134
943 458
367 18
354 847
673 961
431 817
250 984
257 378
224 755
45 507
48 417
945 693
90 228
128 457
132 513
7 835
927 626
489 642
544 560
800 682
32 260
655 868
315 64
312 116
963 296
650 164
355 950
981 854
484 786
233 534
986 252
824 143
661 548
129 755
422 88
43 789
47 837
804 630
489 845
588 239
385 283
682 100
288 258
528 770
952 961
714 597
529 275
934 460
646 187
161 513
251 308
553 354
701 170
939 637
31 631
105 927
460 687
827 546
464 810
93 331
455 612
663 195
633 814
210 681
176 537
28 474
450 284
951 708
607 358
610 454
645 581
763 556
88 484
783 715
54 713
535 122
314 874
318 850
905 889
675 367
503 926
162 678
509 221
571 334
115 890
864 786
980 394
418 911
171 589
519 68
963 441
980 505
267 126
305 263
572 707
612 912
80 687
44 100
465 57
915 555
814 755
950 499
16 811
190 420
634 870
357 477
431 954
930 103
234 552
886 825
242 15
640 797
155 908
66 353
263 569
30 476
15 424
588 478
722 404
6 357
928 507
412 132
27 487
594 278
599 175
346 819
702 140
189 327
105 712
144 712
314 741
734 765
554 399
187 874
665 814
543 821
344 447
553 717
271 406
94 239
921 817
575 356
578 136
320 184
709 946
644 35
321 381
758 385
687 911
781 374
140 322
14 351
196 569
362 449
490 282
472 257
774 791
387 312
481 53
961 963
691 230
106 970
16 478
992 864
410 234
641 638
418 689
455 878
350 825
300 813
859 550
842 312
906 733
211 363
304 135
417 504
59 943
442 29
163 386
943 651
968 509
417 361
668 998
997 894
232 312
341 762
55 328
744 403
711 849
897 193
440 276
851 518
889 703
104 897
786 781
72 383
459 417
901 282
205 189
315 965
319 949
266 259
655 815
198 846
920 828
460 77
744 192
636 470
923 611
565 990
772 664
739 967
118 223
48 550
621 279
14 255
604 747
494 391
42 12
479 81
227 8
380 506
473 136
493 821
900 139
39 745
892 413
986 982
553 297
212 402
965 572
291 517
311 606
957 72
80 516
22 367
639 442
235 928
838 530
662 743
759 98
64 8
884 49
277 444
723 868
830 520
245 488
578 26
684 905
960 225
390 516
948 211
508 765
183 983
340 26
345 904
658 683
93 966
811 679
24 755
41 699
443 251
617 893
854 795
937 326
784 221
489 105
572 788
385 166
115 163
791 506
336 724
854 906
197 969
594 79
225 528
945 831
768 873
436 646
140 873
102 713
418 46
603 340
471 412
128 494
772 975
579 479
797 268
15 515
299 948
950 298
916 494
629 665
133 900
426 158
100 73
981 704
67 128
313 256
555 534
579 253
483 208
917 99
285 890
169 961
426 462
539 520
989 507
74 721
904 106
958 445
209 738
692 201
175 199
209 883
506 215
778 938
226 214
66 527
936 441
322 638
259 172
324 270
532 967
689 944
825 807
193 545
302 125
13 502
328 280
805 874
329 33
700 16
922 22
995 628
942 77
379 935
361 336
71 721
166 815
831 895
153 124
490 135
486 703
79 363
671 919
767 830
715 851
220 467
681 583
276 493
480 256
962 668
163 626
111 939
524 266
858 460
231 578
162 71
698 117
634 835
449 529
655 577
15 294
664 44
403 192
663 806
189 751
924 614
262 901
955 739
375 772
267 529
604 798
532 99
838 823
638 741
109 489
207 876
685 588
664 219
48 543
470 249
475 624
117 927
392 28
946 26
43 18
15 154
274 96
761 163
385 921
264 214
818 613
963 596
855 578
415 945
592 378
852 964
200 530
982 323
478 418
936 375
424 427
297 163
65 399
781 337
674 739
168 166
899 154
795 93
691 28
69 336
257 590
353 229
981 491
984 385
399 912
114 101
112 332
442 437
924 210
322 939
606 939
679 92
849 662
791 239
906 599
639 33
331 711
112 554
903 262
707 641
874 277
638 363
729 653
508 404
609 103
57 216
941 96
296 517
231 640
768 698
510 329
662 346
689 408
140 592
253 57
570 493
552 656
220 294
280 115
318 751
394 199
638 980
755 88
404 412
78 303
850 828
964 308
233 838
190 138
54 340
384 832
793 420
134 156
82 613
750 460
846 931
753 240
986 46
803 556
74 932
327 282
298 44
707 392
968 289
564 263
750 46
493 959
665 956
268 603
144 713
859 498
881 30
666 834
773 942
631 110
317 482
134 728
317 765
735 220
368 6
459 849
443 564
88 901
986 610
130 694
493 626
611 83
541 420
807 841
191 767
452 573
17 8
715 497
85 976
991 260
648 438
44 743
782 801
150 290
471 654
32 570
805 849
741 851
351 184
608 648
571 508
757 25
7 288
135 879
887 874
875 930
544 420
917 329
646 633
318 990
951 126
419 345
441 497
956 400
760 17
395 428
999 338
641 392
702 874
272 565
396 579
475 222
557 869
395 305
436 675
203 744
214 559
612 516
722 196
116 843
565 650
68 982
508 13
916 100
132 587
651 977
731 47
897 369
882 145
888 177
349 844
578 694
6 439
824 362
787 350
896 257
789 692
777 148
996 104
392 246
526 569
734 956
881 472
826 78
994 537
170 55
118 385
798 845
169 885
857 758
748 927
985 507
895 600
640 682
768 415
554 96
60 505
299 519
891 993
433 521
465 94
74 269
901 635
222 413
541 279
890 171
748 189
469 300
843 211
892 636
215 110
145 447
878 571
537 973
97 838
888 567
852 210
268 387
896 892
934 968
314 705
939 866
176 546
981 419
253 972
514 342
790 139
351 767
706 922
440 774
153 103
547 275
451 390
713 127
767 180
897 864
400 696
847 734
206 156
466 185
106 80
289 720
287 933
200 21
533 829
936 937
225 422
318 581
453 606
970 584
993 953
978 175
337 61
287 731
998 554
607 898
205 126
333 9
928 727
929 258
141 898
897 300
510 611
591 446
375 803
17 985
350 615
205 160
81 466
392 259
898 686
74 775
234 860
773 616
69 918
526 335
342 138
180 81
920 648
575 72
734 966
282 737
906 487
985 422
881 85
754 221
683 219
151 961
192 670
320 451
490 927
531 95
679 367
41 431
98 200
853 72
657 853
951 943
171 15
505 171
69 490
44 687
952 946
376 295
396 108
43 954
145 308
420 122
828 111
611 841
580 664
112 432
421 528
497 101
80 926
12 51
969 16
558 170
476 32
222 580
499 449
724 782
980 368
550 902
976 707
421 882
978 113
10 431
673 741
46 353
430 512
489 68
93 858
793 60
336 689
125 105
200 128
954 105
572 680
560 224
559 914
909 767
660 315
183 510
663 944
759 927
516 634
985 966
475 618
380 8
552 979
411 604
513 984
91 244
555 967
151 662
9 169
686 749
307 908
786 881
420 661
39 509
318 12
946 717
363 613
294 21
596 893
796 349
523 513
997 474
682 98
1000 288
66 223
485 775
75 23
972 287
423 721
992 181
28 135
322 484
145 101
173 527
504 922
325 852
198 226
951 544
18 892
154 332
541 624
672 257
234 191
602 590
165 844
636 673
140 190
491 146
93 250
3 142
185 913
151 286
174 101
214 918
756 216
746 791
169 285
784 120
914 759
857 202
934 754
719 120
723 125
196 411
524 230
701 302
589 604
619 662
629 875
667 578
546 625
915 700
608 954
498 302
278 592
281 300
262 208
698 167
510 473
756 401
774 272
426 418
941 257
473 820
927 818
909 739
822 12
971 706
111 63
703 795
595 898
154 708
564 627
980 840
124 442
859 9
453 840
216 656
642 704
260 323
928 509
433 945
532 247
96 344
699 654
422 491
43 994
172 518
636 35
708 976
602 127
895 726
717 798
829 676
886 959
388 62
852 763
869 675
838 562
565 154
911 898
750 158
174 769
649 151
777 426
907 859
341 491
217 181
682 489
350 123
153 733
942 607
565 444
771 277
221 758
640 779
147 636
279 139
562 357
217 448
991 660
580 833
796 902
939 679
171 892
300 687
664 154
372 556
253 920
897 746
1000 136
391 128
712 695
909 835
659 912
589 751
717 501
813 487
699 854
785 590
209 985
720 753
612 807
854 876
581 699
927 240
713 188
590 858
394 338
388 696
25 866
957 825
906 829
837 259
894 690
148 88
479 526
162 140
825 820
627 64
39 214
651 976
118 989
896 25
35 404
517 935
440 389
955 550
225 837
105 511
215 870
863 586
755 341
773 350
348 885
920 871
850 579
547 609
270 248
226 652
404 297
47 910
469 88
881 424
739 854
122 322
695 847
227 411
882 588
678 6
570 663
190 764
799 790
106 763
13 157
765 888
235 205
757 952
596 506
355 396
316 763
416 536
970 211
984 346
45 669
945 407
763 392
440 125
904 652
762 192
660 903
287 241
698 680
143 893
572 65
349 88
922 48
103 73
732 927
89 907
148 568
167 145
34 419
362 84
514 912
642 34
220 90
883 394
719 48
405 748
413 989
289 727
628 510
666 584
866 567
713 344
287 821
993 952
335 601
319 356
820 703
620 761
676 699
57 333
171 437
702 356
270 523
16 678
881 520
169 660
422 710
513 424
319 90
638 892
953 244
717 115
989 718
324 627
897 461
294 159
356 172
178 700
604 602
483 85
168 475
539 669
463 685
542 256
194 434
213 406
901 175
127 11
482 505
798 569
378 198
660 698
919 479
902 523
852 930
287 865
807 650
476 826
577 157
857 957
916 770
496 483
79 640
904 842
745 956
619 919
856 67
231 325
460 323
623 787
8 68
404 753
425 698
653 962
857 863
586 423
624 126
914 494
974 184
116 298
357 512
892 871
931 881
273 399
260 659
762 343
304 355
512 792
605 235
221 226
370 540
633 226
82 168
276 688
581 130
728 714
68 363
585 71
948 983
510 192
280 745
51 141
672 785
822 263
534 395
370 510
812 233
570 269
745 282
968 55
716 909
241 619
738 641
336 321
7 158
871 991
290 398
147 491
475 950
371 841
928 756
820 514
750 327
660 171
954 840
333 445
262 891
616 365
963 26
945 571
855 24
552 867
976 159
722 431
171 191
218 254
312 119
755 269
265 391
517 478
485 548
747 913
859 379
384 563
459 73
596 894
796 328
32 485
251 235
894 851
728 477
29 456
195 992
324 449
87 566
649 203
13 852
456 911
347 858
374 433
532 647
592 410
153 994
409 392
672 258
624 11
291 940
883 774
365 739
406 111
999 868
857 699
92 640
183 891
975 207
525 44
602 865
586 42
212 753
794 63
23 835
796 577
361 306
306 501
823 184
366 701
866 669
405 15
337 457
323 650
552 372
560 943
618 253
774 984
381 113
953 624
385 236
868 613
262 170
154 547
29 725
216 964
517 672
2 623
920 150
629 908
134 209
444 824
529 646
871 264
149 349
390 153
251 843
124 443
640 132
349 870
744 344
962 307
708 819
252 87
716 742
442 487
388 793
907 751
982 161
68 545
867 388
843 749
575 50
372 863
864 916
13 517
460 266
833 288
852 516
467 606
144 715
623 407
601 604
80 797
77 527
468 892
89 65
502 87
303 34
606 329
808 384
296 180
460 639
923 113
47 41
676 415
472 405
201 889
888 541
35 510
17 159
352 362
973 904
740 917
465 973
669 139
304 461
66 740
620 67
88 340
159 658
59 341
563 805
306 262
625 556
794 795
12 244
231 960
937 585
932 421
720 867
383 645
884 926
921 140
582 301
305 215
876 522
183 146
149 46
775 452
6 873
907 254
799 36
840 171
475 208
718 140
920 323
387 774
195 177
267 236
140 630
341 240
225 634
782 526
67 395
330 428
699 862
169 703
849 205
386 330
769 268
536 49
630 977
251 21
902 224
941 518
29 76
638 720
149 915
220 985
578 295
84 659
964 456
293 696
4 813
833 403
807 899
8 439
955 871
33 954
8 392
991 55
688 664
374 223
708 747
797 152
614 897
947 34
74 410
294 655
706 327
155 247
433 489
568 284
416 537
908 704
795 7
373 63
466 371
1000 967
782 771
785 237
219 681
473 585
537 636
727 945
230 363
545 685
387 678
135 828
942 52
861 594
291 66
664 744
865 57
419 383
390 650
818 337
340 765
112 628
650 534
44 265
525 342
908 418
379 762
452 102
93 884
336 727
694 261
814 852
571 976
244 643
102 893
346 259
471 782
115 450
388 556
794 555
246 872
483 614
673 938
966 805
196 333
941 729
854 730
945 542
195 459
158 221
307 517
180 317
794 679
698 446
674 861
756 744
542 103
716 302
905 29
461 389
924 803
561 607
217 929
290 559
38 145
584 537
27 416
319 648
506 385
146 46
990 695
613 660
374 136
307 193
592 145
757 633
614 978
69 583
549 845
19 418
386 867
649 831
83 727
355 346
728 224
302 311
759 982
32 791
341 275
507 631
148 921
639 347
469 447
731 772
734 101
681 127
404 754
421 316
316 454
545 728
174 632
149 674
280 559
871 389
304 405
296 825
546 649
830 1000
348 117
867 691
338 63
603 969
286 295
236 930
185 592
135 198
15 924
76 734
917 961
498 264
850 53
797 602
210 148
584 153
228 157
628 66
813 208
176 155
767 537
76 444
895 635
695 349
594 336
959 472
998 438
547 730
894 743
860 435
788 208
242 118
261 48
318 419
241 286
506 707
983 439
217 780
570 776
312 120
976 47
460 144
262 666
565 19
988 620
984 391
631 278
812 588
64 427
247 233
674 941
473 84
750 452
518 762
631 135
456 801
200 907
506 650
408 900
503 812
834 214
109 810
234 669
791 804
761 395
824 692
190 693
426 984
827 752
477 951
317 814
111 305
819 84
252 837
790 343
594 684
919 49
244 981
637 778
436 856
732 546
254 298
533 360
538 359
791 123
775 534
466 458
635 57
89 593
589 888
435 637
754 869
546 850
63 657
874 366
123 830
89 962
420 382
3 430
461 854
228 679
154 782
373 442
301 173
533 770
98 995
449 807
211 704
72 26
167 661
918 823
278 598
997 838
817 160
655 640
555 628
149 235
120 373
95 681
86 670
33 258
486 420
452 348
25 934
673 850
747 705
824 482
402 712
901 290
333 416
964 326
512 79
87 145
725 543
997 282
35 974
428 523
433 951
33 221
40 751
613 970
708 978
750 45
717 796
955 875
281 21
431 506
132 998
967 772
899 588
113 233
424 364
373 663
104 378
714 629
435 108
188 268
647 791
743 706
838 722
605 765
227 351
9 528
835 668
583 42
162 770
714 855
217 341
164 372
409 363
100 678
70 10
456 650
588 723
992 972
117 37
836 725
840 528
533 723
625 594
556 176
244 856
62 841
69 83
362 239
384 453
449 804
434 675
662 27
500 992
11 951
965 186
310 97
276 305
495 175
757 312
707 527
49 201
547 86
819 925
328 896
628 11
242 762
940 993
963 294
285 302
893 953
822 127
439 941
67 319
229 81
379 428
622 472
768 935
225 481
864 784
811 891
764 825
694 980
822 153
293 581
276 885
43 34
11 448
808 433
416 368
6 452
860 635
630 833
989 388
375 126
431 696
725 105
933 518
610 757
220 841
593 481
127 356
778 309
63 269
405 533
378 305
474 256
507 159
794 36
904 227
613 895
247 209
125 693
422 247
958 389
598 124
912 557
677 355
221 679
981 221
476 539
437 779
539 255
306 386
839 160
121 77
818 925
748 94
625 493
53 844
761 157
463 45
787 731
628 683
594 519
780 432
283 584
253 954
809 384
629 15
337 391
580 581
671 814
304 200
538 113
547 839
426 477
637 645
119 479
175 684
604 498
309 666
515 323
849 509
794 278
120 207
871 804
354 758
604 97
202 989
225 532
64 700
17 779
512 378
570 416
510 535
441 236
689 310
339 73
177 635
800 532
842 879
494 218
693 248
808 910
885 848
665 607
995 480
544 664
785 193
858 40
569 59
144 645
949 256
551 460
405 603
938 19
223 47
632 772
543 888
658 402
204 840
577 226
728 370
551 803
839 102
364 6
772 45
773 884
44 900
795 196
868 438
448 41
636 954
87 329
144 818
198 133
112 70
240 907
536 744
482 840
140 262
732 680
108 146
914 349
978 552
514 360
339 926
586 421
607 265
297 502
117 29
430 186
417 745
325 32
970 983
131 891
61 486
31 210
306 463
126 212
884 824
415 192
589 693
609 95
758 568
951 497
194 671
46 356
16 75
141 624
773 246
126 186
495 231
659 680
357 212
977 859
851 484
956 48
927 859
306 787
695 303
110 373
119 505
870 275
603 951
898 766
367 255
828 867
890 840
502 530
29 898
621 552
381 431
682 956
96 545
61 529
178 719
752 680
660 907
256 465
646 162
226 707
857 291
731 310
659 213
104 266
895 652
587 343
806 183
256 767
720 846
106 43
943 378
750 784
69 681
251 346
325 575
986 865
942 236
368 30
518 650
207 575
43 566
84 298
640 516
182 843
584 865
969 757
643 372
365 592
576 817
334 545
335 264
652 510
544 223
49 663
969 326
239 876
353 658
645 575
615 705
857 697
199 606
149 709
379 982
819 373
892 901
876 258
344 915
158 869
98 670
763 656
676 57
752 494
125 38
166 847
908 404
819 531
107 741
434 527
366 562
774 501
187 205
480 433
138 283
836 182
709 192
894 68
72 27
128 797
724 515
195 215
214 593
716 947
254 886
384 38
58 197
422 546
744 444
232 933
181 185
314 282
632 273
206 868
263 423
678 48
693 286
807 298
712 982
828 775
8 720
341 444
211 895
181 91
137 29
86 1000
693 48
507 5
679 125
204 35
722 544
172 513
601 913
622 121
245 987
697 422
384 529
995 137
373 741
427 469
907 975
910 418
22 674
657 897
397 390
291 671
933 212
472 997
27 137
948 311
615 519
338 561
253 729
515 797
154 431
448 128
140 206
13 88
107 133
986 640
456 651
718 679
912 482
279 245
598 541
710 59
70 154
110 919
679 884
151 999
620 204
182 403
863 941
810 884
706 805
35 175
580 100
590 703
663 993
210 59
250 712
835 624
642 204
92 59
724 944
780 834
54 123
571 79
811 604
931 402
704 556
957 822
313 914
251 523
968 113
272 685
907 478
964 133
660 254
284 739
191 20
160 936
90 217
647 289
1 658
829 995
575 195
906 380
284 440
892 69
765 305
565 889
493 14
830 407
282 649
484 727
32 432
416 95
489 119
768 21
365 212
916 676
331 530
557 726
482 464
229 613
911 995
899 939
313 570
88 344
869 499
890 324
559 227
407 113
218 633
289 140
898 752
190 739
50 270
782 999
236 101
933 278
365 391
724 306
448 125
749 289
640 891
804 467
847 692
60 74
694 481
875 215
291 870
53 843
421 663
169 326
391 451
139 426
204 25
23 788
193 713
303 516
16 78
3 344
338 89
999 396
638 340
729 600
180 852
605 53
800 752
150 264
104 550
950 227
59 974
426 8
426 583
600 602
858 578
729 890
695 85
279 818
824 701
78 588
38 715
935 776
651 442
389 371
732 333
518 398
462 714
504 119
690 857
820 984
416 302
433 823
570 131
555 349
529 794
227 217
302 224
238 220
259 569
5 197
116 760
355 896
912 989
507 205
178 527
367 553
743 982
467 683
506 399
968 696
347 597
316 924
74 730
327 252
844 426
839 452
714 906
382 532
364 7
24 707
630 366
44 901
355 348
642 17
213 870
964 994
259 2
408 840
559 151
908 941
325 781
835 996
747 313
112 293
899 67
573 168
6 747
408 614
874 505
263 203
563 487
386 165
425 601
391 180
28 658
396 334
913 700
595 430
318 779
300 242
33 937
680 336
404 816
525 703
10 427
874 99
215 374
145 884
112 737
171 756
957 781
889 943
196 65
716 904
885 603
234 431
197 569
642 982
347 68
668 858
100 308
228 193
873 12
637 123
270 763
911 502
953 164
293 907
223 590
370 46
526 731
704 558
92 129
826 269
424 965
455 351
560 337
86 973
217 786
143 62
367 988
596 778
25 667
837 796
566 458
760 939
826 84
521 219
209 551
63 324
526 868
676 574
293 463
976 335
117 523
669 868
46 566
411 924
179 488
786 192
22 630
95 68
498 654
687 768
799 858
247 777
503 419
145 89
239 905
256 798
39 573
631 935
703 490
302 337
451 889
605 520
587 5
827 754
365 591
465 853
487 252
435 417
112 242
738 26
562 460
244 577
93 246
493 382
413 719
589 886
384 507
416 952
173 207
214 773
220 110
917 304
314 999
653 342
345 971
876 545
357 22
187 204
776 895
85 905
398 628
438 511
838 392
831 636
135 437
379 533
361 226
931 170
474 259
928 676
358 657
889 191
536 425
76 418
410 886
949 131
448 245
907 659
980 955
474 212
446 22
402 1000
422 495
356 359
375 5
19 145
403 302
402 772
635 241
462 847
800 938
553 678
401 177
41 346
363 355
75 55
718 765
235 201
901 203
999 935
805 122
218 644
311 481
98 494
944 522
231 142
494 920
27 839
747 95
74 214
572 185
700 102
205 896
458 12
602 886
196 709
880 866
560 608
390 685
1 463
810 772
850 217
98 530
339 292
622 168
141 550
783 971
776 795
85 941
926 301
196 10
414 449
825 606
733 829
841 528
258 629
703 581
885 610
10 242
764 597
780 978
438 330
974 424
280 84
251 763
129 881
629 542
851 112
640 99
234 630
942 153
608 279
129 994
439 709
958 847
464 511
53 313
596 872
297 658
677 685
962 133
473 96
748 517
330 468
238 803
518 305
441 515
317 400
409 135
581 873
952 241
631 73
924 111
800 37
839 124
222 17
4 364
957 66
62 446
272 437
678 228
919 10
670 840
767 460
783 619
204 746
316 428
193 712
841 164
129 352
183 45
558 11
803 224
633 281
609 458
263 42
980 456
343 280
146 820
349 719
222 655
760 50
667 526
542 942
120 209
29 745
747 476
451 171
736 43
811 955
138 419
67 475
814 875
306 877
551 565
537 223
21 502
24 421
225 667
858 357
492 747
71 939
510 612
295 72
868 798
816 945
105 334
858 276
90 186
218 119
589 164
789 866
630 256
703 940
267 632
569 456
56 245
147 30
419 773
441 829
99 313
962 233
821 162
971 381
253 462
898 941
722 745
191 382
431 463
416 124
894 827
471 990
320 472
797 716
288 166
532 393
401 121
844 427
496 57
575 341
373 845
999 521
412 287
326 445
627 954
942 667
672 395
356 748
451 924
643 282
919 185
387 88
5 553
634 213
652 468
198 10
995 668
687 50
597 42
235 19
127 1
383 491
849 787
680 853
410 810
922 725
454 322
457 254
11 787
796 830
107 362
788 953
989 72
3 439
963 141
969 856
512 907
324 249
698 938
170 571
24 725
272 483
129 110
174 931
266 129
693 614
529 525
453 573
989 411
408 82
865 261
233 963
182 723
132 633
439 623
9 498
34 903
711 717
57 478
848 319
96 436
793 466
924 636
564 523
95 605
238 14
518 76
385 576
698 706
354 539
544 567
601 522
69 996
638 751
894 629
364 672
366 434
685 582
123 75
216 471
569 85
73 758
129 756
759 478
299 676
318 128
564 216
159 944
109 5
311 841
807 836
631 128
632 802
138 765
677 424
456 804
329 570
330 837
721 92
957 168
874 774
290 653
765 843
493 648
41 31
424 401
562 747
514 582
880 10
2 402
995 811
300 659
725 158
817 430
623 819
732 398
187 259
297 327
585 948
89 549
37 269
331 544
461 625
460 900
944 533
525 40
799 409
771 248
274 960
421 575
443 91
444 496
101 530
568 452
801 945
828 493
183 21
921 180
941 201
234 95
978 318
310 408
63 624
48 151
233 157
909 572
664 961
202 896
3 689
442 317
335 620
424 990
927 267
146 911
733 841
534 282
233 539
209 500
275 183
396 951
751 165
128 61
917 243
411 848
997 37
342 378
271 938
985 379
206 661
464 20
690 798
381 433
243 400
560 382
190 137
588 176
247 424
268 883
485 499
218 222
146 339
424 561
282 706
796 313
281 796
506 341
347 623
259 641
308 677
450 876
602 11
350 237
298 328
565 278
806 32
204 914
80 384
855 749
469 274
397 21
973 674
867 163
462 12
155 239
947 123
549 915
736 742
329 304
188 109
886 124
305 783
108 212
442 480
628 414
946 16
250 389
503 853
490 404
733 376
199 572
775 631
889 42
128 808
582 7
654 400
931 781
560 609
776 574
851 98
63 621
2 817
339 182
875 920
968 262
556 501
115 863
387 620
120 71
447 676
858 765
585 3
785 577
663 672
633 271
871 829
619 300
182 34
349 563
794 672
907 67
32 360
655 737
396 964
420 992
669 453
485 164
381 371
608 185
882 312
573 885
812 467
869 14
46 739
98 134
214 349
487 875
823 717
688 336
906 235
239 203
860 630
509 512
475 656
80 32
560 282
397 629
806 275
298 10
651 21
623 326
113 57
424 700
249 457
947 776
271 322
717 369
458 327
460 441
647 999
799 908
797 255
644 127
563 186
297 108
777 548
432 866
904 851
27 4
931 634
611 99
683 689
165 32
925 916
892 745
584 58
805 238
438 969
832 115
611 851
743 342
265 889
843 388
184 775
174 871
903 422
631 573
64 301
227 939
432 257
754 138
219 587
845 659
59 226
7 258
376 94
943 598
774 544
686 172
121 398
641 381
551 726
698 774
185 937
718 381
656 286
529 544
95 537
658 813
628 106
993 947
996 502
137 671
680 781
310 866
607 904
96 314
261 294
337 64
409 595
357 568
858 354
185 244
204 304
578 613
