950 2858
807 596
51 671
661 310
883 263
101 338
279 297
232 950
435 686
548 728
400 313
809 358
151 164
825 166
720 930
23 494
885 767
559 136
621 937
819 554
330 735
316 926
227 45
812 249
896 839
606 60
516 293
256 645
479 697
286 143
281 643
818 417
127 780
406 817
557 527
10 153
321 239
896 613
509 312
734 478
148 933
681 888
495 773
33 918
604 299
143 451
95 527
426 248
890 837
283 894
200 922
2 794
919 467
5 383
278 695
502 694
174 83
929 699
288 301
880 860
865 232
258 547
46 393
233 390
361 172
243 584
184 40
368 261
21 256
159 939
78 211
887 182
635 268
564 203
18 211
39 498
2 313
369 173
890 844
374 158
566 243
113 797
845 36
441 307
64 401
617 157
12 414
14 462
548 757
273 749
607 53
280 681
64 256
780 78
12 32
162 661
629 233
423 421
379 802
202 72
630 599
579 416
161 40
603 38
16 508
308 202
218 389
20 777
293 808
260 767
302 808
801 95
451 568
107 529
457 340
40 385
613 263
423 679
887 905
49 469
344 409
866 280
318 584
296 101
435 83
887 830
88 658
17 189
383 48
511 207
576 273
304 922
674 536
52 868
181 402
120 839
104 86
106 685
510 28
240 91
451 537
316 128
465 653
820 622
861 103
792 444
245 151
802 369
840 318
640 752
253 258
697 948
845 563
850 522
795 451
873 141
195 409
766 15
713 724
695 476
326 668
310 49
26 138
939 22
922 447
707 498
283 644
571 489
664 874
403 437
812 687
814 394
173 514
393 820
718 806
342 885
573 855
354 268
407 620
702 147
732 568
303 880
383 637
282 664
208 713
672 936
581 557
1 3
491 724
628 582
738 130
483 708
101 157
871 873
486 627
658 455
140 591
396 545
382 245
112 4
94 547
166 289
573 767
316 617
244 254
408 443
724 192
543 534
893 727
103 592
546 113
550 588
38 529
171 496
299 849
231 154
642 555
607 666
644 334
352 337
123 616
942 416
545 284
319 921
375 300
45 2
488 411
911 325
786 43
626 724
735 220
646 681
868 499
248 732
819 145
414 113
56 633
537 238
667 453
281 117
465 752
800 829
693 824
863 935
609 716
738 808
614 705
296 579
28 885
603 551
359 478
567 128
622 544
751 18
163 541
771 48
224 419
386 78
117 749
851 147
50 620
551 358
592 776
869 500
319 791
175 114
656 340
358 891
624 846
203 755
700 613
298 30
228 774
227 790
818 866
411 152
655 515
468 95
252 156
215 695
59 49
65 285
358 463
783 90
5 261
861 817
947 929
920 903
21 859
667 248
413 474
264 683
781 156
413 875
487 115
534 445
782 911
886 287
65 897
745 236
253 477
864 174
580 912
119 564
815 75
581 180
303 935
732 365
751 179
383 117
498 55
490 881
637 40
802 914
340 597
644 447
89 664
165 787
829 236
669 237
156 737
506 653
533 728
879 273
807 163
596 638
426 74
316 564
450 513
825 717
493 455
863 728
2 588
904 273
851 417
79 853
557 730
148 722
723 862
62 347
559 373
474 768
310 239
26 688
159 286
126 178
55 146
274 791
33 370
519 46
778 228
872 727
802 565
87 104
198 608
291 40
745 944
294 386
832 159
63 564
238 95
920 924
280 902
63 80
211 750
448 716
874 87
531 185
236 209
915 342
846 180
442 816
351 341
387 891
672 534
12 15
760 335
727 192
140 286
596 698
134 210
176 292
401 451
465 510
787 622
790 275
611 415
6 408
936 342
253 658
366 884
253 242
366 849
696 56
223 263
563 772
196 878
487 484
400 649
715 577
715 96
728 891
804 807
432 861
241 805
389 851
891 464
212 714
598 905
74 64
787 192
938 355
578 666
814 156
604 125
308 159
254 802
109 666
866 202
828 629
595 303
101 538
301 697
729 565
160 323
415 757
680 937
365 630
596 278
155 216
653 889
213 477
146 615
382 412
129 851
540 301
483 807
854 810
142 60
78 36
354 190
445 85
583 286
269 850
551 123
822 249
115 462
333 59
740 589
797 801
337 515
104 861
233 895
362 541
523 164
502 525
607 565
427 651
257 69
756 764
6 759
354 185
801 75
602 908
56 585
843 103
861 348
937 539
424 610
205 408
193 366
907 547
360 788
875 440
239 402
590 494
422 44
376 116
435 326
45 763
64 721
857 238
855 591
735 245
772 385
810 220
721 100
480 257
500 151
228 60
798 303
618 740
197 940
219 569
134 560
848 97
246 648
26 852
706 242
466 5
692 385
870 131
858 695
167 543
674 90
895 619
398 330
476 683
482 116
652 477
395 858
489 478
159 663
771 135
459 780
614 46
651 48
780 916
125 542
274 667
323 208
767 862
290 932
441 560
793 276
176 937
18 685
522 823
38 409
703 567
615 235
394 67
117 173
767 140
852 672
58 846
274 259
316 605
338 590
815 160
742 217
947 677
892 565
412 834
489 336
259 679
136 772
481 898
430 104
821 378
551 929
454 395
439 381
242 27
367 703
671 909
809 313
82 438
347 750
469 233
713 360
222 270
471 104
297 638
523 27
612 327
754 938
938 676
154 343
753 475
235 439
878 321
223 441
848 697
623 476
543 191
47 369
91 654
751 546
763 277
152 325
302 827
266 455
208 256
568 567
642 450
331 364
796 146
743 238
251 731
366 583
383 751
920 4
426 760
279 117
923 580
925 376
656 441
72 176
252 857
36 299
873 458
441 912
830 608
660 618
603 753
871 187
942 596
754 837
7 532
360 32
153 184
541 789
29 139
505 90
341 137
9 492
337 911
530 694
287 391
532 770
114 644
689 629
45 156
447 215
35 327
272 568
787 692
365 864
892 558
594 119
152 158
723 818
546 498
947 528
340 354
114 614
141 305
444 384
746 554
408 473
542 137
872 192
945 705
582 766
307 322
237 434
667 643
407 376
712 291
197 415
143 674
336 642
669 758
283 39
899 289
83 329
804 579
622 718
366 343
522 354
727 752
411 155
81 949
549 913
57 844
60 162
10 404
317 760
144 568
588 712
475 160
448 760
68 49
712 298
768 76
50 95
168 743
542 402
67 932
885 12
251 480
626 598
734 271
32 759
687 458
430 428
750 655
611 209
684 9
686 587
732 619
349 241
750 179
510 727
496 226
207 636
706 429
123 325
621 62
455 386
240 129
578 147
466 418
502 298
343 665
808 718
492 335
645 496
889 472
462 754
709 717
197 505
451 857
181 709
2 802
539 436
422 241
500 174
780 826
391 611
531 764
418 479
41 918
577 177
211 34
130 118
342 102
824 225
524 623
943 578
819 29
633 174
82 681
301 307
927 94
766 498
46 271
572 799
422 914
313 574
4 390
81 796
283 729
854 239
858 636
786 7
797 437
291 242
807 671
894 852
685 628
462 919
376 927
892 517
503 307
16 528
774 668
830 386
336 509
407 439
246 142
432 411
731 830
236 496
533 390
510 164
605 68
852 218
377 848
339 905
89 63
714 886
454 458
390 610
379 616
322 90
885 572
375 687
485 574
573 700
137 47
180 542
407 759
310 722
795 574
358 67
629 187
903 326
322 704
17 291
626 659
216 124
313 584
150 800
671 75
766 79
327 769
552 790
573 693
81 354
392 606
561 600
467 364
747 27
32 799
142 340
805 444
454 26
275 267
666 15
232 172
216 817
879 10
165 275
686 181
526 132
641 897
236 168
777 815
457 39
593 435
335 559
855 292
724 861
198 135
413 270
136 724
27 592
378 350
459 492
791 402
336 556
705 354
335 790
730 154
567 203
290 779
826 380
831 598
636 228
692 527
270 706
589 480
115 947
536 137
19 863
385 312
811 113
272 214
784 482
517 724
383 717
65 701
299 690
253 380
257 511
614 202
64 109
925 267
675 543
692 615
831 234
395 657
677 752
146 376
24 570
402 233
387 863
390 723
157 738
286 83
589 735
514 341
591 492
858 367
744 493
562 332
335 832
548 68
722 397
842 377
593 248
99 627
706 98
230 876
415 257
56 339
459 363
614 523
334 164
908 160
530 945
106 882
250 55
324 599
932 12
440 834
621 665
773 865
703 85
232 377
880 932
882 370
866 651
244 606
667 481
604 864
508 77
471 443
734 89
700 473
168 58
297 346
171 39
689 584
941 567
232 578
554 57
735 689
209 716
926 339
216 96
418 657
220 165
366 828
507 211
236 434
644 396
782 767
299 210
615 456
360 452
804 842
876 559
125 647
162 393
662 214
331 8
276 767
816 258
816 855
212 832
230 244
871 709
435 461
2 184
646 294
521 486
558 278
725 526
545 803
420 849
349 384
317 599
871 63
926 485
855 449
364 809
438 661
681 307
600 806
255 721
258 812
868 376
191 928
136 747
876 232
489 727
400 528
535 592
826 852
95 754
901 331
244 319
926 349
50 135
568 387
325 15
101 552
874 292
103 142
785 796
711 513
773 18
257 865
300 645
319 728
827 132
552 379
458 316
207 214
616 216
324 42
159 174
823 488
589 112
577 211
387 311
456 932
93 551
336 292
542 583
427 322
88 762
549 595
508 565
308 572
682 257
64 133
595 178
122 793
749 802
458 295
670 382
190 200
503 832
289 681
698 368
615 270
685 522
653 497
676 197
382 553
715 681
581 759
262 55
409 609
176 879
564 264
860 326
623 730
827 541
8 589
98 540
337 316
942 318
338 15
122 800
857 179
15 735
94 753
903 561
279 678
377 8
529 591
787 777
346 603
845 504
500 193
299 931
543 625
585 829
184 108
630 170
208 333
578 324
404 358
379 865
949 475
922 298
852 522
420 60
47 872
675 582
911 590
368 423
196 294
44 180
501 794
291 768
211 784
54 101
860 936
35 221
814 238
564 367
794 18
177 817
875 379
70 85
314 788
295 218
740 104
944 894
942 729
491 65
52 690
926 527
736 440
570 77
669 528
140 240
462 610
676 937
629 284
663 701
562 797
928 427
637 151
529 246
807 93
792 873
809 92
155 65
546 284
433 615
584 801
677 204
934 288
721 309
740 684
557 476
601 934
653 851
303 371
216 395
783 496
197 765
330 703
844 706
223 934
645 857
541 314
191 430
776 352
530 356
108 197
535 533
256 677
938 372
683 725
26 519
727 441
618 706
730 303
879 258
24 390
890 169
563 824
605 706
75 280
352 93
796 280
318 204
676 276
51 467
380 555
89 383
899 513
519 754
774 126
708 246
103 305
823 429
897 926
828 754
817 103
249 549
895 143
916 330
238 513
294 823
704 74
338 200
395 716
820 347
608 305
950 633
240 554
612 72
541 84
445 895
407 552
138 601
880 937
780 566
36 278
648 753
258 312
760 192
926 806
545 565
502 506
163 342
327 705
21 706
915 353
374 33
539 790
260 874
193 555
884 785
859 850
110 807
673 938
358 602
606 763
888 457
404 748
728 507
342 430
179 800
776 81
758 577
192 253
301 768
288 704
897 598
296 247
610 850
484 257
385 656
316 233
830 648
407 713
926 412
529 429
182 774
327 476
257 160
57 707
591 272
872 889
34 552
92 124
438 559
28 14
729 725
684 357
23 261
154 1
83 413
316 151
926 372
194 341
68 721
732 35
805 697
153 207
243 896
781 671
251 547
855 850
834 140
34 688
218 718
648 940
478 148
481 400
638 796
682 119
171 620
887 665
380 151
253 637
733 254
473 677
556 934
907 173
775 549
837 320
324 377
88 330
293 8
497 18
455 404
927 686
844 850
791 309
392 17
641 159
402 749
630 919
207 66
411 908
740 852
653 75
68 711
806 776
881 167
828 540
705 750
826 501
120 345
212 455
583 80
373 337
716 541
309 401
25 615
77 85
885 147
796 370
873 14
860 284
737 721
203 86
205 795
331 416
814 335
692 50
722 99
336 787
274 635
859 205
608 6
183 558
865 563
352 824
747 6
211 883
108 674
878 639
644 390
867 234
686 103
906 76
104 948
948 60
433 772
399 722
189 741
464 44
836 284
33 534
855 607
697 357
518 64
867 53
649 202
886 292
816 155
562 422
570 486
754 874
596 460
121 658
930 852
699 368
371 854
286 212
941 873
432 429
162 199
474 348
72 606
453 410
439 492
146 588
306 355
328 695
697 36
112 867
295 286
870 436
493 383
149 920
280 809
241 530
945 9
232 247
123 53
182 623
40 84
22 265
266 666
694 319
734 219
238 28
111 278
810 190
649 244
631 625
156 279
266 166
601 656
693 637
741 669
894 619
756 403
539 261
354 879
444 396
206 178
799 620
324 283
859 510
722 257
510 786
449 214
123 443
750 467
932 804
480 875
264 776
598 200
175 105
90 941
662 597
682 383
407 415
338 130
284 458
523 746
932 589
664 558
96 810
482 463
925 690
124 435
713 39
487 692
107 807
517 5
422 893
331 904
812 378
909 102
855 611
624 763
641 435
146 883
418 12
568 550
385 253
423 168
300 615
798 379
229 873
582 466
547 588
288 346
292 306
521 639
944 662
2 191
818 179
929 924
8 518
752 601
287 643
935 162
645 387
258 903
349 630
200 302
172 654
270 876
927 947
911 605
939 436
671 532
928 67
711 637
485 802
698 658
3 675
578 722
154 64
510 734
292 643
523 57
194 913
107 234
900 335
849 203
101 467
217 20
716 74
275 522
131 452
495 175
316 856
946 451
653 461
212 218
367 481
77 838
595 761
851 300
931 904
303 388
628 784
832 277
193 549
104 203
887 753
253 768
218 351
398 908
679 517
313 14
295 170
740 565
637 847
619 403
605 806
837 413
642 563
627 550
828 176
939 418
426 166
62 343
777 713
105 816
439 261
173 73
117 365
540 403
264 377
265 77
405 894
285 771
384 123
916 110
167 291
355 652
346 120
927 942
605 831
20 861
682 56
738 205
756 668
152 258
281 674
263 75
163 840
218 15
221 679
494 741
575 201
794 695
621 198
252 285
753 259
762 765
534 123
39 198
902 64
634 735
836 698
876 624
183 248
738 625
670 821
640 494
396 615
473 774
845 848
495 636
40 700
432 160
341 657
308 624
754 87
536 222
828 420
791 272
561 234
905 949
522 53
711 391
895 762
588 210
484 936
133 193
154 397
90 632
327 15
519 379
555 549
119 759
210 177
155 515
321 517
31 429
493 300
881 812
553 210
411 251
524 11
450 617
596 417
236 644
96 295
267 115
872 883
191 375
434 488
203 173
540 868
423 928
483 803
11 517
726 524
645 84
632 586
456 105
794 857
721 40
853 76
29 47
674 164
271 603
177 459
238 528
21 384
707 436
240 843
567 194
534 779
646 71
940 668
10 553
121 298
104 302
413 572
256 936
343 703
120 398
737 112
117 99
338 400
363 408
399 947
642 750
58 428
351 316
730 256
56 581
808 458
923 569
569 130
938 821
812 132
117 330
155 37
411 872
89 924
537 829
293 159
742 737
290 918
169 863
614 652
826 772
342 441
301 881
693 932
551 149
197 85
845 884
886 353
480 183
378 500
640 377
785 829
832 326
575 566
946 681
948 47
859 41
589 192
916 16
264 44
247 139
799 110
12 268
162 353
146 743
898 301
335 83
617 152
374 767
163 793
678 487
383 359
19 870
430 379
142 303
75 309
203 248
345 238
352 707
232 718
708 519
363 939
438 561
535 865
828 310
901 152
597 509
246 425
734 857
616 916
202 476
298 616
647 366
631 613
500 153
381 512
347 400
148 170
249 213
817 720
700 356
740 591
759 913
631 860
730 649
610 89
611 784
919 59
337 817
247 153
339 488
585 909
236 347
626 368
717 14
312 710
793 728
189 938
741 717
870 35
926 924
785 324
35 742
363 277
770 591
644 511
20 900
555 204
130 949
702 269
922 111
228 871
292 900
583 762
710 587
90 445
327 440
495 796
853 271
62 624
25 7
587 332
751 250
664 585
347 695
332 719
19 257
250 355
906 213
234 249
469 707
200 510
511 503
386 863
940 743
409 89
670 278
502 243
233 523
469 805
457 466
117 49
630 255
78 296
891 90
63 885
731 206
805 209
76 876
535 424
510 344
157 930
189 873
307 121
915 299
537 119
828 5
138 490
503 75
125 10
522 5
109 464
75 151
349 578
334 896
886 253
230 625
853 551
450 593
18 877
148 844
806 676
865 121
332 827
556 672
351 36
707 650
319 15
216 740
675 837
860 481
222 868
152 917
928 385
709 201
620 532
825 580
556 258
238 36
258 619
206 518
446 682
643 510
497 47
939 615
262 489
267 840
423 8
288 888
751 863
536 431
810 789
778 84
561 812
122 807
447 67
434 513
309 110
312 318
846 330
495 343
575 937
815 355
908 204
211 772
894 523
849 326
861 221
827 853
424 395
613 295
245 296
925 470
321 773
732 737
567 474
20 722
239 462
703 778
851 946
56 286
532 479
440 812
688 160
374 200
710 652
54 469
937 711
458 191
242 704
941 472
213 183
431 224
37 207
224 133
227 176
887 315
742 721
144 454
274 748
635 307
892 277
169 152
282 241
672 859
582 775
172 18
851 866
428 164
113 622
755 907
279 37
755 709
97 645
391 444
711 733
890 797
895 234
510 257
534 514
704 436
799 47
585 407
287 268
665 146
328 499
751 584
747 48
29 454
569 619
310 342
853 491
630 185
355 392
764 399
784 85
472 364
402 94
918 769
25 87
64 54
264 3
343 182
623 437
588 761
498 628
900 794
829 55
94 244
835 912
765 900
453 29
716 200
113 357
297 545
462 478
27 728
319 371
11 130
92 352
430 775
89 460
930 468
109 422
365 60
628 732
222 16
172 151
785 82
416 539
853 105
900 293
914 66
104 329
892 290
585 48
444 938
258 101
266 318
710 39
178 396
242 740
479 172
462 289
889 635
121 174
140 395
620 816
380 295
786 154
275 766
105 385
10 600
563 688
857 357
175 574
587 517
932 912
661 687
629 191
777 100
781 905
627 457
347 756
395 142
66 788
508 335
608 101
737 924
578 837
298 719
140 532
585 596
880 900
661 86
498 452
246 878
7 196
618 469
109 628
179 634
921 119
560 38
562 310
655 921
824 870
200 874
886 786
351 600
780 464
625 36
492 392
759 237
558 165
427 936
724 578
800 755
909 378
893 384
714 786
15 28
880 502
937 446
312 514
872 133
467 683
322 679
289 629
569 752
199 554
754 610
367 308
495 867
520 715
28 8
801 691
473 556
92 891
43 868
679 694
758 149
600 243
302 127
107 748
830 664
730 510
875 405
267 824
469 775
331 649
376 550
3 75
518 169
180 203
255 561
376 515
386 598
3 915
260 35
406 70
542 196
66 261
272 38
299 393
265 732
785 209
477 599
805 474
606 486
613 637
27 701
249 202
128 532
92 477
41 182
390 803
688 923
708 76
217 34
272 792
789 781
671 489
547 128
269 292
161 699
260 364
134 333
465 471
212 338
73 813
457 224
457 571
920 882
833 471
265 387
674 372
712 63
215 2
917 874
496 276
367 580
176 805
297 664
889 291
7 808
232 719
531 594
531 444
550 488
660 739
844 525
294 476
243 260
687 650
118 914
786 201
73 255
695 460
20 324
96 546
923 666
71 269
194 243
180 386
436 767
112 29
534 368
826 156
95 236
813 945
334 353
119 143
780 75
621 329
675 186
808 762
630 569
591 813
316 126
923 14
651 901
563 666
545 567
470 334
242 815
721 57
798 536
73 224
312 146
167 737
404 181
460 455
850 622
755 281
915 732
947 568
875 634
660 683
625 524
215 752
81 241
833 20
730 91
363 606
114 16
222 573
115 259
264 392
376 141
803 176
401 635
526 798
799 68
679 260
516 890
753 404
831 2
796 96
216 565
837 893
752 679
696 180
703 402
354 850
423 780
500 724
893 704
931 306
400 885
937 817
496 313
371 234
66 186
251 695
641 310
143 290
128 468
761 697
741 56
355 136
868 891
533 881
867 37
723 808
819 816
363 258
805 818
186 857
337 716
545 103
215 120
292 413
292 484
201 115
326 388
737 174
514 458
490 239
897 360
37 762
539 37
557 446
799 511
910 534
785 165
183 305
429 198
875 26
840 8
288 325
897 668
554 160
481 929
575 714
541 123
659 573
441 44
616 312
619 859
360 60
33 394
306 629
551 407
485 364
252 534
823 482
753 610
720 662
130 77
206 526
154 71
651 655
84 772
621 842
204 469
455 879
318 841
19 589
599 887
690 561
767 347
70 322
550 632
256 548
258 901
480 488
407 263
225 299
220 490
916 639
726 310
349 650
762 767
778 632
488 391
567 577
254 793
937 153
77 256
353 450
916 365
53 336
251 629
361 642
475 390
630 740
575 760
473 396
106 541
859 342
399 657
843 176
847 728
166 872
229 626
726 521
206 200
894 892
383 535
884 595
189 196
357 323
105 845
931 674
416 800
456 845
166 575
576 51
207 949
99 276
725 552
655 383
600 750
88 920
401 823
477 318
923 439
462 817
743 229
161 215
913 42
659 7
243 541
511 752
149 520
872 381
230 856
247 218
529 941
677 34
556 386
683 778
739 377
101 649
907 834
92 373
643 127
317 345
137 56
858 885
582 112
51 778
694 51
237 119
21 918
389 263
247 617
582 596
804 823
227 617
824 77
149 728
171 467
320 823
49 104
216 712
231 832
475 178
421 82
829 309
280 377
155 615
410 523
306 351
471 166
323 885
849 847
541 274
469 41
895 496
399 298
310 302
479 632
462 771
227 284
440 52
354 222
479 68
725 284
250 297
34 279
309 804
776 536
695 832
184 663
413 249
899 520
84 507
176 108
326 328
440 721
408 149
304 822
503 608
251 395
568 439
932 117
93 484
883 481
133 190
687 635
392 622
733 127
436 353
38 544
554 793
166 916
890 484
47 722
608 578
435 853
419 376
186 654
833 601
460 891
299 421
597 790
485 487
19 409
830 318
875 692
906 278
598 672
823 816
402 620
937 436
942 878
262 447
284 53
197 335
198 24
608 799
167 630
431 281
243 670
340 113
678 353
222 488
525 584
116 586
373 836
330 110
907 731
550 732
786 936
713 664
13 893
684 450
599 689
374 539
372 791
914 666
534 147
721 835
544 836
544 265
317 697
873 595
325 712
803 293
861 444
662 642
900 198
80 918
760 819
797 287
817 449
855 948
569 941
108 351
218 126
915 844
256 644
792 129
939 50
921 279
783 386
95 558
485 420
382 533
789 33
862 937
153 263
62 796
212 444
912 410
125 526
807 617
695 301
482 755
530 303
632 781
717 208
138 704
626 842
520 781
575 338
831 233
928 472
103 423
657 404
52 192
610 867
683 678
462 255
463 837
483 196
583 521
51 392
508 196
550 552
935 140
701 9
373 104
173 123
424 268
331 191
403 193
223 31
316 915
764 703
29 903
412 510
512 111
153 230
771 116
421 691
578 823
283 702
342 801
36 94
894 608
935 52
206 298
533 544
372 888
657 640
306 452
327 633
627 143
590 1
105 395
477 930
225 679
579 698
272 881
109 12
699 503
443 274
671 922
925 843
822 937
752 480
435 12
788 211
30 378
577 475
542 796
248 227
157 290
909 413
431 169
472 438
329 728
221 240
810 482
848 561
99 418
177 106
604 892
474 73
259 587
206 207
422 53
943 260
674 539
508 499
60 894
295 864
90 762
506 796
844 350
186 490
375 186
764 915
1 347
751 834
950 189
232 574
602 30
675 508
828 195
73 338
223 687
573 90
375 895
483 258
104 632
240 735
802 402
714 16
253 44
885 73
577 264
595 858
695 626
438 803
377 756
254 151
447 462
34 33
914 295
146 496
40 200
135 715
262 538
871 136
72 142
931 386
20 920
389 466
224 523
708 379
232 436
28 917
86 868
68 663
555 728
221 57
615 841
230 297
387 1
339 525
900 711
77 816
465 67
563 140
59 727
614 713
923 20
653 899
447 68
106 13
126 439
397 197
258 141
258 694
761 577
615 188
585 934
486 368
454 755
736 123
408 924
762 861
7 557
600 538
399 797
899 870
458 26
665 418
674 400
196 359
12 92
623 729
38 523
347 623
890 770
640 159
859 5
936 112
132 926
768 356
947 272
342 913
609 484
386 695
21 521
278 615
376 897
674 312
820 324
846 106
496 613
226 41
529 801
474 584
327 414
93 311
351 20
885 689
724 753
690 897
431 396
35 943
783 534
410 728
846 21
737 183
477 606
943 64
613 722
580 846
272 111
808 508
917 44
774 367
833 95
392 206
250 59
748 846
877 803
291 535
553 328
165 253
558 571
294 651
464 288
840 497
911 435
895 341
747 164
758 2
443 212
264 23
202 858
495 765
330 857
903 241
516 880
268 726
508 293
238 63
920 327
760 571
541 287
462 903
691 430
347 453
922 742
302 380
433 499
568 274
550 422
479 922
246 784
526 131
621 605
383 865
879 686
238 87
719 410
810 927
634 398
123 344
107 585
823 610
609 271
828 34
667 683
548 382
615 42
737 565
402 406
22 919
460 219
888 380
7 268
887 267
45 420
692 779
507 144
490 184
808 691
277 912
494 398
50 899
905 582
102 464
504 500
361 602
841 320
550 296
109 536
294 284
116 638
527 751
47 700
86 327
924 415
909 333
214 397
231 545
931 800
821 513
94 520
57 684
500 412
377 79
177 90
156 529
894 370
937 755
838 479
897 559
109 198
381 801
807 254
296 381
828 659
5 283
850 671
159 380
457 193
402 377
416 758
467 676
334 313
61 479
707 884
941 396
502 142
214 388
347 101
882 552
703 159
463 785
544 161
412 100
716 589
807 358
499 549
320 752
431 425
325 44
310 949
133 351
943 450
287 427
638 52
144 936
363 316
788 160
277 644
685 587
63 468
693 109
217 860
492 853
382 12
38 713
556 142
833 378
337 509
681 559
563 196
601 441
342 307
395 423
210 715
708 299
