1000 9899
376 649
551 794
864 942
355 821
997 206
564 423
820 841
821 48
159 697
3 977
104 130
910 382
610 660
795 419
683 64
213 607
412 122
786 843
143 506
716 8
386 62
27 341
48 840
123 396
212 215
35 894
986 770
715 192
293 442
888 780
759 27
482 101
18 899
180 451
863 105
166 267
260 836
326 461
718 963
990 100
95 256
27 992
524 789
230 553
835 857
622 213
362 497
483 367
342 699
2 318
520 191
385 689
5 953
301 274
377 212
947 288
382 839
573 166
245 469
393 158
466 117
230 410
710 912
359 194
567 825
642 400
20 556
499 455
634 662
709 88
876 575
897 838
384 319
37 731
135 194
339 479
690 660
387 821
335 907
802 844
296 761
577 792
516 941
967 680
769 479
994 567
155 952
483 279
986 418
399 61
60 891
955 613
668 634
542 71
90 765
531 818
716 334
592 964
574 884
521 328
133 114
635 870
742 574
450 918
243 725
324 882
990 663
886 964
868 375
134 759
249 645
714 605
518 649
246 470
140 455
602 310
80 163
186 245
601 658
92 968
772 12
279 12
653 831
112 101
131 45
580 964
429 816
502 366
486 675
295 907
852 16
943 187
31 925
150 101
170 879
373 356
709 282
858 964
804 482
552 91
421 574
49 455
205 764
840 293
464 579
145 965
318 948
928 984
894 75
825 576
422 982
797 570
393 684
727 441
485 62
506 900
34 198
128 143
385 272
350 142
951 846
651 93
724 637
621 999
603 356
536 427
667 754
884 379
464 134
65 494
641 240
4 213
557 444
356 3
958 644
15 432
734 824
720 230
369 392
854 369
468 564
432 706
511 630
161 563
591 658
87 499
365 237
94 437
132 146
262 533
514 918
894 880
52 761
131 474
401 809
688 753
624 767
786 34
736 921
53 545
499 805
602 957
875 462
397 20
312 596
313 765
577 88
960 320
327 906
464 895
773 473
356 677
340 34
51 818
847 733
740 515
373 38
246 220
601 451
772 693
217 458
970 8
814 377
642 310
18 636
676 333
603 791
511 462
561 319
448 976
785 439
897 797
992 157
537 968
59 54
877 568
750 964
783 981
989 288
752 41
50 542
492 995
995 888
883 210
43 491
935 472
671 229
927 143
548 368
661 63
24 132
102 805
730 722
788 438
630 955
685 858
47 705
449 722
394 373
198 823
642 527
132 449
393 59
726 541
712 343
423 35
949 22
808 918
368 669
192 181
52 143
211 948
543 448
246 700
834 969
891 152
527 414
415 848
986 188
842 924
644 346
41 299
972 803
995 166
639 243
800 968
912 658
161 642
721 458
104 468
87 757
880 373
623 938
313 680
8 154
905 364
251 500
749 397
37 17
809 968
814 443
66 547
529 441
303 946
982 140
53 807
365 533
719 506
967 806
762 91
676 271
144 232
164 251
240 833
705 265
745 740
304 494
745 629
729 556
412 872
651 473
45 970
733 125
572 957
98 564
798 427
397 624
452 99
880 622
864 99
269 699
224 898
462 444
393 667
585 399
36 497
98 790
797 738
107 365
818 537
77 172
427 965
12 729
692 510
91 112
663 794
315 904
513 431
677 894
347 712
977 128
34 835
354 484
924 824
394 587
271 131
189 278
427 385
691 588
433 765
187 829
99 25
504 679
303 131
491 355
952 143
833 156
961 71
946 405
909 287
359 680
624 775
532 634
682 427
131 163
674 944
8 182
925 597
622 641
625 163
808 349
244 591
995 817
74 644
709 14
531 435
58 919
632 789
259 148
486 185
942 379
358 752
45 64
658 850
988 461
992 904
670 475
854 383
503 796
897 699
933 301
1 287
644 551
576 405
7 353
447 622
653 303
106 44
14 859
935 901
850 159
317 27
391 87
488 996
676 999
534 397
578 821
600 595
944 439
428 916
522 594
298 764
873 96
565 602
611 452
935 376
332 787
295 153
498 487
435 80
926 5
674 482
508 76
971 684
826 153
103 479
241 587
764 893
103 781
96 178
864 587
171 181
502 641
655 156
899 710
863 281
919 539
959 778
670 443
912 843
831 427
990 660
57 920
248 857
302 634
985 52
464 517
657 810
58 841
40 820
760 274
207 424
500 422
47 19
196 959
910 151
783 399
967 418
491 109
94 26
459 651
978 633
870 683
838 405
549 78
623 829
610 108
481 32
743 264
209 493
356 992
572 533
981 337
934 523
149 705
461 623
211 120
301 558
517 785
514 281
533 555
221 175
836 924
564 727
410 439
184 943
787 818
680 335
406 408
907 524
758 536
397 842
505 998
589 550
978 223
259 188
68 107
769 24
929 219
555 619
371 954
670 709
176 188
346 196
932 579
977 46
579 270
997 35
805 206
671 294
160 896
949 128
682 525
665 761
439 738
379 229
218 45
552 837
440 95
595 745
579 44
375 145
113 898
925 371
557 605
620 979
100 152
707 368
749 245
465 610
535 926
293 287
55 848
345 64
787 665
860 801
340 507
1000 676
618 895
621 76
678 29
881 231
535 636
726 777
454 204
990 914
94 103
810 316
667 477
407 94
763 372
526 16
657 167
59 326
438 624
719 481
544 255
670 851
31 995
838 497
396 92
325 194
354 565
606 109
687 244
343 930
435 559
917 639
451 147
806 456
805 810
607 466
334 338
357 979
784 91
241 890
568 973
645 834
779 336
548 147
475 185
757 259
389 152
729 866
90 528
107 594
686 870
883 213
746 815
300 475
875 585
306 836
884 297
975 658
103 631
612 659
980 314
775 219
835 116
138 236
11 374
161 69
861 324
417 51
661 272
449 322
198 839
848 392
545 424
517 396
777 39
661 498
593 484
976 492
80 177
397 708
844 51
133 218
229 609
996 752
271 332
790 724
682 37
616 289
375 264
752 289
478 19
726 39
208 563
552 395
354 582
28 846
571 185
625 134
643 291
204 519
703 898
58 476
853 414
640 895
663 173
611 196
524 757
442 127
995 255
182 593
18 718
572 233
629 488
864 66
829 246
737 180
781 115
65 102
861 133
992 860
184 777
849 837
153 254
482 626
46 115
12 7
858 851
110 806
656 114
559 631
896 513
126 12
128 955
590 671
813 452
745 406
73 273
13 793
902 378
746 8
620 609
497 613
456 246
997 406
824 577
567 411
471 38
73 627
112 935
300 334
673 940
105 162
814 894
271 895
347 237
25 609
320 799
540 46
327 148
312 243
720 272
350 623
360 693
839 62
432 572
380 194
755 310
626 570
925 16
470 439
185 325
494 313
133 173
706 225
462 795
981 809
458 278
829 741
939 365
190 929
377 670
319 519
602 417
698 184
144 521
587 319
734 674
437 584
97 559
870 731
5 372
286 947
239 906
108 489
24 39
479 338
9 706
286 962
532 743
805 430
384 997
670 792
451 814
141 86
182 642
164 137
607 231
793 607
956 957
908 921
266 761
875 183
533 677
849 784
687 172
945 261
706 686
543 98
516 452
405 387
761 45
689 824
961 563
266 457
654 590
201 230
720 914
903 277
46 510
893 681
196 431
841 982
948 990
409 569
510 203
495 893
928 958
485 24
233 55
585 426
239 233
756 389
561 177
29 891
945 850
360 334
158 1
78 370
343 31
348 439
521 515
975 586
944 150
854 649
802 44
660 178
204 342
918 766
798 107
542 58
690 889
418 338
648 617
963 912
412 186
803 571
255 970
200 580
816 702
854 474
17 735
750 27
364 818
56 3
64 228
169 804
846 622
895 651
270 42
364 833
769 921
130 905
800 614
166 75
612 239
647 920
563 485
268 575
274 488
151 850
853 116
766 783
503 447
454 225
144 20
863 79
386 833
545 924
782 931
491 108
164 95
862 141
910 720
760 537
799 612
287 400
948 638
787 568
184 739
758 93
874 475
926 889
249 963
343 921
804 413
201 928
447 943
605 343
382 240
789 400
202 346
63 671
227 997
11 816
432 459
789 257
685 604
267 27
399 558
1 235
496 625
618 228
693 726
486 956
975 264
727 443
379 553
937 338
817 299
357 114
596 839
652 289
695 270
897 243
243 375
461 148
635 585
337 910
673 852
391 745
582 644
915 787
218 380
410 997
461 695
12 881
702 344
781 855
731 45
346 918
972 966
233 296
555 71
72 557
192 687
85 156
108 275
324 848
554 117
717 999
904 92
706 88
374 202
161 597
881 230
19 371
829 414
541 266
523 771
505 250
17 118
13 259
204 540
387 4
563 159
116 115
786 450
748 921
187 691
153 967
941 126
83 258
123 517
417 842
363 18
145 347
799 990
828 184
98 349
944 933
815 962
272 98
400 951
554 600
80 975
600 182
379 905
50 171
676 203
618 230
59 958
816 510
407 541
358 117
860 996
715 564
782 141
334 116
349 366
725 605
362 907
589 632
93 873
666 195
392 724
319 507
255 685
505 897
36 479
220 364
794 687
79 475
318 610
214 630
72 395
129 196
215 11
731 137
812 462
216 142
462 755
618 269
929 238
217 684
489 695
287 813
310 935
851 641
104 26
198 836
825 30
788 150
57 132
332 58
722 622
337 660
66 458
213 265
181 811
113 941
111 430
960 994
338 970
799 181
449 99
602 91
397 707
414 675
346 797
535 957
131 427
285 29
134 546
66 236
514 888
770 750
143 272
165 200
494 636
556 527
830 250
29 393
982 273
549 850
397 421
536 611
140 393
368 179
737 579
865 630
776 129
61 137
389 658
571 708
952 578
865 487
870 750
227 718
255 36
883 711
476 311
395 827
842 96
143 837
592 755
999 58
382 8
974 972
684 35
210 905
600 257
927 446
519 736
333 865
784 215
489 87
896 433
497 588
828 640
903 214
993 655
101 322
12 501
894 385
586 990
382 373
168 715
152 208
116 769
758 752
337 52
279 841
945 821
34 12
72 423
176 597
149 301
63 875
11 260
541 423
87 113
630 901
42 658
712 241
542 223
321 457
479 776
996 166
30 258
638 759
523 399
513 661
466 297
938 138
43 802
816 610
123 16
948 39
900 194
958 472
27 342
49 818
213 15
934 33
166 191
635 42
191 600
585 721
217 806
866 77
459 737
49 621
322 699
35 558
965 951
719 472
814 324
339 932
857 679
509 492
244 879
344 957
3 298
387 651
857 577
642 111
336 908
903 276
796 740
280 679
547 310
415 206
989 245
832 688
651 340
253 955
492 918
665 532
742 102
319 307
324 411
438 391
811 923
244 338
119 582
399 280
916 182
862 814
557 196
608 843
524 403
341 553
350 697
100 384
507 398
238 18
534 975
829 949
167 50
208 33
320 747
542 74
1000 29
471 664
937 524
31 140
463 645
30 649
33 187
436 160
989 972
77 658
902 973
913 420
604 677
237 460
790 802
521 47
61 894
722 856
528 893
433 767
781 502
80 312
696 178
408 341
723 603
863 420
340 9
341 304
955 79
402 468
97 788
575 555
118 898
302 197
107 159
514 501
880 157
93 320
667 17
351 536
465 985
891 639
175 302
966 111
861 859
992 918
511 326
404 524
577 268
779 584
562 88
163 511
500 100
653 192
141 428
35 185
988 241
165 550
519 667
171 553
408 357
482 682
620 900
80 332
49 166
470 598
552 267
590 839
629 995
337 227
279 768
506 810
323 912
340 786
996 393
283 65
132 601
834 687
244 736
266 387
603 406
489 730
272 880
494 37
404 277
707 914
414 938
842 929
648 518
574 230
320 759
337 687
964 476
159 882
381 574
899 663
8 131
789 61
997 404
112 887
78 753
337 585
467 614
333 81
327 50
653 638
856 374
359 669
89 73
182 958
436 474
956 657
26 602
946 347
840 938
621 219
170 669
760 95
729 138
966 169
434 22
364 318
899 224
942 326
778 815
999 819
99 969
933 385
849 974
973 896
615 739
307 689
504 157
32 564
914 558
74 90
460 932
528 436
840 614
748 279
931 817
533 589
844 770
956 324
957 765
409 63
87 120
710 991
289 593
732 803
275 930
153 2
764 652
603 566
106 98
879 685
633 275
554 773
618 217
447 305
379 583
106 501
452 153
36 472
183 283
367 494
307 357
43 492
478 973
427 845
279 804
965 453
159 274
129 219
738 833
7 222
466 636
86 701
12 560
414 228
111 90
630 958
43 138
872 354
964 274
380 73
306 932
608 300
280 375
320 676
358 912
15 401
437 303
76 161
775 507
352 610
617 323
67 219
270 193
146 435
649 472
632 640
616 5
134 400
602 88
394 549
804 828
234 932
473 100
881 423
763 71
1000 371
673 435
86 232
415 994
492 215
826 659
612 160
170 351
777 461
523 721
108 391
277 894
294 820
585 645
1000 836
288 381
40 782
459 708
501 65
799 686
876 303
839 153
130 259
978 575
410 51
608 576
273 265
679 641
477 105
460 889
926 950
84 957
219 734
843 440
547 396
956 360
922 168
45 967
324 130
288 936
788 529
970 668
811 89
98 563
7 399
12 359
175 693
489 86
287 943
163 149
680 265
337 457
940 387
975 338
188 544
748 369
716 866
974 30
940 90
651 9
428 644
394 619
7 194
964 231
789 583
492 736
833 676
318 316
601 640
48 256
660 770
756 752
176 420
233 661
16 244
878 71
732 773
661 419
525 503
668 385
32 355
471 612
942 851
821 222
588 255
807 863
222 325
170 416
479 446
839 462
52 908
456 781
900 82
259 362
98 222
772 270
825 501
4 190
796 751
356 745
361 769
986 544
182 785
982 406
899 171
478 156
207 326
652 465
709 512
782 884
701 475
587 236
532 859
442 565
896 850
992 907
990 138
134 744
364 449
284 875
644 659
940 762
177 226
200 879
400 783
603 591
221 539
975 16
215 285
234 100
124 603
965 379
548 213
881 255
989 357
115 136
243 127
711 189
45 205
211 669
771 607
519 325
29 889
357 92
881 594
662 407
958 558
685 782
924 714
694 996
114 210
495 307
152 459
318 472
46 811
142 682
919 822
298 458
393 112
631 12
786 905
131 188
916 260
388 189
29 189
697 403
368 311
88 922
459 64
816 738
568 160
930 539
308 411
296 419
351 71
235 694
640 620
184 280
437 938
331 155
667 325
960 713
374 31
269 161
944 40
278 223
311 618
238 574
900 453
478 233
134 789
981 158
766 924
533 47
198 216
363 958
296 80
575 554
669 561
196 969
72 759
473 536
420 240
170 984
991 715
405 308
102 616
192 303
625 575
184 963
116 390
961 541
151 240
733 989
951 510
741 471
771 406
149 928
672 967
962 388
874 869
974 180
921 40
462 72
580 299
659 860
702 770
682 969
558 294
449 936
621 850
909 648
384 61
93 549
998 483
778 197
779 100
343 61
110 280
493 368
989 619
93 598
462 661
559 809
252 249
38 612
385 566
190 596
560 484
928 408
416 364
988 596
313 212
613 97
890 742
762 159
731 506
739 983
646 129
522 947
707 373
929 915
179 300
769 586
256 547
938 67
61 784
762 655
544 310
427 458
844 620
584 599
495 544
218 509
934 31
43 762
26 937
57 554
477 753
829 412
603 110
49 970
396 32
910 199
605 757
681 157
697 229
568 265
752 230
164 380
442 634
38 799
198 87
457 95
683 729
960 98
762 178
874 424
856 179
913 860
953 991
679 877
828 41
187 403
157 823
965 896
767 52
842 221
810 895
385 738
686 42
943 978
750 857
70 447
297 721
484 469
546 568
853 940
162 305
494 654
206 62
543 133
746 19
103 402
324 77
759 827
63 992
764 595
858 536
896 245
56 530
310 155
439 573
816 60
229 89
780 607
198 920
328 870
313 22
422 720
24 95
86 813
162 245
796 688
424 755
39 89
43 26
466 671
638 729
901 415
462 245
183 19
372 789
786 977
623 220
181 809
256 400
920 695
497 390
890 621
787 69
359 930
624 561
181 858
479 114
672 135
981 899
32 38
51 322
248 559
697 308
791 646
995 59
868 267
248 660
853 185
29 391
322 435
606 387
763 164
378 906
434 168
18 811
139 709
930 916
623 769
883 856
439 270
520 136
294 535
301 297
602 524
973 931
652 268
1000 863
654 454
657 418
257 828
222 964
758 778
649 710
233 429
984 755
953 868
63 721
286 304
567 833
128 958
880 531
257 222
483 802
33 631
819 592
489 85
197 812
664 911
612 973
613 404
281 321
764 360
779 95
585 284
470 782
732 469
533 36
217 155
789 906
737 457
67 110
650 678
43 233
743 711
484 13
383 916
756 82
570 468
564 428
86 952
358 957
505 237
678 668
648 991
904 425
206 577
501 639
32 356
506 295
724 560
623 240
310 675
391 803
284 10
198 576
277 959
739 892
282 615
730 475
448 259
469 309
553 736
381 967
921 836
852 948
672 18
655 459
222 100
832 296
977 721
652 579
874 703
770 530
484 231
408 847
373 105
457 139
247 576
982 541
320 913
511 117
637 893
670 942
417 880
951 759
746 315
505 259
253 997
395 603
18 576
883 594
94 866
206 293
813 259
233 393
361 348
966 291
272 315
715 609
849 567
222 563
111 925
337 475
961 673
176 807
148 341
901 881
33 531
909 530
345 865
200 60
236 810
242 683
225 479
172 66
452 210
935 743
662 293
719 828
722 240
44 4
542 799
860 332
971 723
590 11
239 91
870 267
341 567
587 771
132 502
133 859
924 634
726 458
671 479
237 791
169 527
77 942
372 734
484 944
782 507
189 519
859 196
347 488
976 24
336 135
279 255
228 445
946 704
674 819
716 474
661 567
591 810
584 572
690 993
286 713
131 485
117 532
837 967
155 638
193 44
854 187
503 267
506 29
715 227
327 217
19 344
916 953
921 721
919 362
174 11
763 364
412 744
344 206
535 314
994 24
649 979
523 966
818 970
415 360
622 528
112 233
754 696
312 83
580 848
373 254
231 240
801 873
201 933
771 81
666 345
546 819
310 973
361 687
948 671
309 919
735 438
462 175
616 839
379 863
792 71
269 757
770 58
438 212
183 128
998 15
451 216
713 141
732 127
111 866
704 472
659 716
452 310
899 764
133 669
65 767
428 335
730 763
324 264
181 129
203 585
720 445
77 112
358 539
57 508
820 189
78 426
25 606
798 931
413 479
665 622
354 569
65 906
617 357
302 841
907 537
213 370
820 782
569 10
189 319
720 106
51 504
839 371
142 929
347 613
852 526
725 376
808 645
289 428
365 377
204 825
812 952
248 889
545 851
580 395
821 902
398 873
19 372
207 539
597 175
231 417
14 441
753 929
244 540
415 703
787 1000
40 163
701 50
889 466
732 616
877 401
828 187
169 338
98 344
923 361
691 245
469 751
163 268
680 98
473 740
537 543
187 402
696 538
942 38
620 196
141 381
789 433
205 522
165 252
723 181
616 931
974 870
480 486
244 71
162 334
885 506
577 953
137 525
656 296
289 689
271 577
384 107
409 712
375 525
68 75
140 616
346 309
168 865
833 813
980 768
752 955
324 364
492 766
20 37
774 122
471 380
845 15
404 299
650 15
985 162
194 131
788 92
530 553
252 397
604 986
219 380
882 20
795 695
833 504
336 176
561 553
33 240
548 817
933 525
318 243
136 118
557 172
623 639
416 966
571 906
146 83
809 785
631 70
720 540
763 54
929 664
1 985
716 192
758 335
705 113
961 239
90 923
316 69
943 24
658 216
109 634
679 562
567 503
383 988
301 296
374 358
767 501
235 44
589 981
221 497
810 574
559 473
743 332
800 504
395 828
213 541
624 978
733 342
292 140
644 697
760 492
631 571
482 526
499 611
515 172
975 62
867 641
154 220
374 947
474 561
242 565
353 884
629 533
781 223
582 263
970 749
3 638
759 873
831 556
832 710
335 957
780 798
380 794
968 772
555 550
224 607
393 751
232 213
395 329
713 470
160 914
57 346
152 66
46 930
587 870
586 703
994 892
445 564
921 951
798 104
929 143
712 233
640 70
697 155
882 169
313 162
778 508
587 580
110 51
661 417
111 350
355 904
191 278
450 908
832 62
346 845
476 908
480 899
904 313
583 673
416 115
345 19
273 798
866 503
441 544
627 882
673 212
528 788
29 505
56 329
184 382
386 710
706 415
666 336
960 286
136 368
456 258
658 173
761 358
45 613
507 766
364 285
992 542
240 787
866 59
352 467
641 919
514 415
277 483
139 462
675 656
468 370
41 992
984 965
272 316
505 315
611 595
297 671
429 394
276 259
277 54
767 813
883 224
98 836
392 751
766 111
521 422
220 343
759 994
262 84
985 929
513 10
682 643
389 351
465 233
945 679
983 107
7 686
192 51
113 703
115 345
449 669
600 971
927 608
17 945
91 192
73 845
458 709
20 332
150 987
655 874
858 98
878 97
318 56
432 683
803 908
220 778
27 390
530 275
89 193
809 728
703 316
156 81
201 616
554 44
238 589
888 814
796 97
523 795
801 413
749 447
877 100
844 341
826 824
313 747
558 543
969 764
520 242
792 887
69 323
948 634
843 356
93 349
644 851
956 93
615 760
376 335
429 187
875 151
184 854
672 763
628 756
799 186
831 817
98 663
652 164
157 706
899 325
166 836
816 421
106 13
107 732
366 571
996 598
393 581
67 378
569 988
287 865
777 484
741 742
851 282
390 106
30 157
396 991
453 538
38 696
42 567
3 711
72 482
916 85
646 970
703 783
150 645
264 724
712 210
517 951
423 212
831 171
281 715
211 774
967 539
769 686
677 909
39 4
242 144
522 46
215 711
921 753
593 499
122 19
580 545
293 282
413 784
4 963
561 750
415 779
881 9
687 703
924 3
504 740
618 888
838 697
195 969
731 523
772 95
26 601
482 39
374 121
356 732
585 750
108 127
259 53
615 574
265 612
715 492
628 955
29 47
648 419
79 845
377 37
933 398
457 93
978 745
362 322
415 476
823 499
5 535
562 123
582 126
196 717
268 242
809 402
426 822
176 785
864 494
974 871
41 585
689 213
802 940
897 896
314 114
760 30
462 426
104 578
158 931
664 804
997 864
154 522
29 654
451 68
401 815
682 712
845 812
684 110
498 473
63 883
689 256
825 832
328 872
699 875
150 673
190 370
428 451
711 724
313 99
595 539
9 156
427 253
927 568
416 138
521 313
778 424
462 913
640 95
364 743
679 24
368 738
845 368
672 640
946 649
194 418
188 232
660 827
341 949
148 644
946 536
85 188
217 767
86 239
217 108
271 331
939 405
868 309
905 261
579 954
999 541
232 888
460 304
326 329
787 809
200 973
240 10
493 696
259 384
278 428
170 749
632 976
28 195
502 142
435 195
367 897
740 606
778 895
467 210
106 638
452 518
130 286
684 857
10 888
62 561
250 305
142 836
931 752
895 131
199 648
93 133
610 17
515 879
361 725
947 378
226 390
263 797
178 276
253 944
788 941
914 672
664 755
48 526
701 680
461 643
413 544
111 711
866 600
996 671
542 519
512 211
253 146
272 511
668 937
206 24
334 77
85 841
68 25
486 312
306 658
254 804
629 574
977 335
79 443
375 528
357 37
916 158
90 787
769 500
258 883
651 1000
891 495
252 35
398 379
570 136
972 804
325 408
80 116
483 369
194 228
30 262
535 899
186 512
816 388
241 401
692 266
364 715
825 175
901 2
777 12
847 863
919 610
227 82
778 686
194 313
297 32
257 373
565 343
146 199
916 770
613 635
834 376
201 685
916 790
670 797
696 504
808 210
5 930
409 297
508 817
434 940
163 374
157 517
10 751
505 257
658 991
783 885
849 565
352 11
561 377
340 548
254 102
241 668
909 561
262 299
91 263
366 911
776 987
700 574
243 122
926 365
30 166
361 13
803 482
971 836
628 85
556 218
738 661
506 85
251 714
254 979
148 36
962 432
863 976
353 545
388 922
742 983
85 560
218 83
327 663
590 299
303 478
731 403
414 474
755 281
313 302
460 139
687 580
501 593
622 107
968 590
734 609
61 777
952 194
293 502
26 723
192 759
959 897
378 238
924 498
147 657
486 632
530 50
875 388
278 340
575 710
762 955
541 417
862 839
469 475
916 810
403 985
478 383
944 815
622 534
830 987
927 802
780 268
468 288
987 880
329 126
149 715
477 174
232 783
165 992
54 728
519 518
755 43
407 756
529 916
876 395
185 520
767 909
573 421
187 86
741 515
337 453
64 667
230 8
948 959
608 984
59 912
785 45
197 994
290 196
475 192
333 226
506 822
12 441
950 83
257 294
613 315
590 182
564 721
360 431
488 228
936 652
646 971
198 95
43 162
82 708
673 879
927 950
472 664
841 561
146 681
510 676
313 104
556 988
392 377
130 471
764 159
452 660
837 965
180 504
698 381
134 281
446 31
860 467
342 92
839 631
19 43
151 574
501 565
346 770
208 815
688 537
179 350
215 548
865 643
298 304
618 889
964 781
19 374
788 784
798 905
834 305
145 754
268 687
678 102
274 344
480 836
207 394
528 635
875 340
16 303
308 527
947 240
162 904
516 379
938 533
153 891
320 718
486 977
359 93
906 333
623 972
331 708
474 936
76 932
710 85
103 169
451 408
382 96
976 745
738 392
29 619
340 604
949 554
197 821
591 229
978 42
393 608
249 542
108 578
253 126
327 795
609 270
846 461
974 6
206 940
337 195
817 249
106 256
985 282
389 261
409 639
282 300
39 197
591 483
464 89
121 822
855 103
436 983
717 66
780 696
310 555
336 178
725 568
707 453
638 559
203 802
351 506
906 501
835 297
238 808
166 5
811 304
540 786
43 842
601 868
485 753
147 856
42 142
136 455
672 9
198 261
164 445
181 633
666 987
170 746
528 968
835 724
231 455
36 759
143 573
596 271
465 891
175 140
748 194
174 540
89 847
606 485
69 282
610 489
573 154
761 170
652 271
410 174
766 693
239 543
511 282
792 522
390 759
836 579
715 930
951 434
935 777
900 205
22 482
461 642
443 155
672 915
512 952
361 502
396 307
92 98
845 540
58 318
441 430
576 319
245 652
84 526
560 865
864 122
917 480
868 594
278 698
492 830
733 792
665 488
168 688
548 601
615 84
15 674
860 157
823 779
94 937
924 738
301 541
731 232
579 908
146 606
167 948
538 568
778 107
156 395
233 776
324 721
298 948
708 895
657 763
716 290
332 91
302 647
29 213
86 46
827 646
593 314
942 855
669 997
835 261
178 512
556 601
356 439
640 644
53 497
237 372
614 974
78 860
464 528
981 21
216 145
865 548
703 504
869 960
374 422
692 847
839 232
679 579
203 266
386 998
248 401
526 466
125 964
568 708
420 25
633 802
70 73
183 874
478 418
413 737
21 497
685 309
667 854
46 401
563 873
729 529
639 50
382 41
580 428
438 266
269 607
399 720
224 54
484 488
638 201
298 858
186 126
629 778
152 130
484 383
638 88
915 543
607 839
812 109
371 935
962 542
284 566
233 970
141 839
627 150
590 14
955 415
777 915
831 288
821 378
362 625
788 117
111 158
539 953
775 281
959 460
941 561
985 577
133 833
883 755
498 192
931 807
338 363
108 519
522 923
299 270
817 717
323 388
159 810
91 992
347 538
755 393
946 590
349 14
682 84
994 322
901 246
540 858
298 349
762 742
711 227
914 3
365 291
316 441
293 126
230 995
112 14
150 122
502 247
909 397
731 975
757 835
870 674
264 434
249 84
191 857
784 825
35 497
457 423
330 191
439 371
886 408
140 172
110 902
897 474
311 181
978 658
157 815
295 717
47 539
743 231
853 547
803 210
292 853
921 131
315 412
229 339
427 582
282 335
2 862
560 860
690 723
540 691
21 13
237 692
254 786
37 840
441 343
479 651
863 709
559 983
305 384
141 794
271 671
703 696
674 430
564 577
157 181
185 329
217 602
350 670
42 343
579 388
53 117
181 928
630 881
846 946
137 767
636 450
341 810
233 593
986 49
215 705
77 800
117 979
759 260
670 271
428 654
386 618
372 979
126 786
968 762
57 957
324 772
833 172
373 667
163 52
734 380
922 206
770 305
160 289
568 414
37 101
757 950
602 645
939 353
992 617
973 810
814 278
344 860
92 714
406 4
871 368
218 940
97 21
685 492
432 286
869 523
732 905
183 963
232 763
582 143
832 767
533 287
64 760
391 7
512 588
954 209
866 549
867 836
318 600
551 698
214 543
337 502
565 618
263 474
387 84
950 60
299 138
135 288
229 69
980 771
108 794
90 829
189 695
7 874
173 745
873 178
964 287
161 94
768 34
16 711
56 884
920 925
828 619
336 36
266 307
893 256
347 420
241 153
811 21
939 88
423 843
25 680
69 931
893 497
465 11
492 302
4 786
920 699
886 634
78 679
781 710
117 337
94 409
156 100
839 481
342 859
237 399
421 88
449 135
766 870
92 793
860 947
207 504
725 123
35 578
662 516
75 858
238 762
701 226
4 342
903 874
259 39
154 359
690 570
857 988
162 826
235 912
993 300
761 312
64 24
376 282
936 92
519 939
981 436
585 891
508 670
783 738
272 68
420 452
603 346
23 809
300 882
410 222
452 949
609 222
496 307
610 369
622 592
442 239
651 465
335 152
338 76
504 412
965 241
187 145
261 762
923 517
837 439
345 777
56 724
71 771
699 58
297 834
283 787
396 530
695 174
441 143
263 194
732 401
806 872
608 239
757 786
668 841
693 887
90 785
396 880
510 658
461 342
501 814
730 801
893 179
90 128
882 164
459 381
846 891
485 417
142 834
509 571
517 919
152 658
251 108
60 838
899 722
366 271
834 37
962 110
856 533
344 297
161 309
735 359
512 68
852 577
299 707
708 685
178 912
751 521
350 146
867 4
246 451
914 175
825 504
535 701
482 237
900 381
100 659
891 760
197 295
165 857
1 629
404 630
226 456
233 508
520 906
328 264
221 67
463 442
746 802
672 577
231 942
4 598
681 661
439 189
132 295
210 103
338 48
249 763
267 500
824 919
749 830
484 580
576 284
101 287
470 588
72 235
881 875
399 576
111 842
344 586
944 431
873 949
376 865
565 561
841 825
310 212
793 190
632 146
188 688
33 369
161 337
567 500
651 536
879 454
685 777
780 611
993 872
15 310
129 951
775 280
744 362
581 601
416 509
967 560
15 423
337 541
589 126
262 772
60 739
223 337
575 12
8 286
288 39
693 81
402 10
424 750
99 428
136 162
321 122
900 929
170 385
632 812
652 829
52 877
398 145
274 483
113 329
683 837
957 190
5 337
578 181
924 425
179 98
472 24
558 116
312 577
353 299
406 287
154 300
106 549
390 282
385 108
36 776
255 388
978 625
190 561
339 985
97 159
773 638
633 829
905 195
562 451
247 721
88 326
698 643
306 525
109 720
990 363
978 659
213 722
533 563
220 242
97 121
651 392
177 1
125 331
426 736
131 586
837 510
414 321
309 693
864 436
662 251
44 153
809 895
824 808
475 194
719 879
885 403
559 982
229 479
160 698
767 595
438 357
367 65
742 151
135 319
907 430
690 562
355 229
362 707
287 823
457 685
298 875
501 864
447 78
565 823
416 498
738 81
881 706
486 295
715 749
566 131
131 177
988 593
43 66
371 593
9 246
601 620
33 232
903 105
240 35
321 213
229 996
87 394
234 842
942 908
122 811
857 180
453 513
795 173
626 459
21 857
248 558
826 979
360 523
435 123
131 338
723 652
207 487
902 717
463 905
835 762
144 999
250 132
201 666
645 357
848 639
633 767
763 268
809 100
999 928
715 466
11 235
766 524
588 860
689 859
746 600
156 628
235 213
988 397
753 528
492 48
912 9
536 442
168 297
956 322
44 388
671 825
799 244
861 91
673 717
121 504
656 413
756 38
828 763
834 675
779 473
998 47
267 141
642 883
245 784
612 933
632 91
172 6
825 889
968 125
508 174
936 731
857 97
976 145
447 29
521 604
439 681
775 211
190 369
86 806
983 44
513 992
56 885
475 893
611 746
150 791
635 987
707 54
841 374
118 806
416 141
285 248
971 509
717 209
441 814
940 432
468 593
859 256
332 384
584 745
974 570
287 388
260 52
89 62
507 795
199 65
459 165
41 419
432 610
770 664
274 299
60 376
443 608
878 155
522 517
83 713
304 810
236 690
457 284
402 391
316 65
120 578
744 540
190 64
446 964
486 657
72 677
644 903
828 228
612 451
304 520
286 648
291 270
144 225
771 28
478 452
117 12
746 700
853 760
356 928
585 890
785 360
58 730
735 740
272 155
62 790
982 839
487 287
468 426
172 309
852 311
447 637
562 662
400 680
461 785
978 125
583 521
859 642
586 886
832 995
721 677
704 405
488 768
430 615
722 9
617 997
897 131
246 890
119 488
85 680
67 85
489 267
785 982
671 817
483 485
527 395
56 785
73 853
132 430
932 946
99 725
566 331
950 682
901 510
426 30
122 897
413 308
671 797
938 117
422 34
118 453
545 61
801 171
682 842
422 189
449 241
530 186
624 673
477 643
887 472
909 278
465 370
674 637
382 512
761 505
855 687
469 464
911 745
40 208
268 448
611 232
631 757
136 594
467 96
909 73
931 657
568 693
73 249
771 120
370 813
852 117
712 512
718 538
404 998
546 627
943 911
253 849
438 205
776 736
816 445
38 112
193 850
931 92
658 764
897 860
666 147
745 378
271 532
99 821
975 316
188 706
599 736
471 109
368 786
388 615
79 408
727 284
530 824
379 498
586 588
186 350
560 111
564 623
125 859
937 859
280 262
232 31
927 620
146 723
829 974
851 702
104 89
379 65
882 88
259 513
941 977
618 622
720 18
77 651
907 990
252 663
111 769
844 115
368 444
518 530
464 623
526 227
613 266
442 782
278 504
703 393
711 114
408 769
840 772
530 64
89 272
148 835
419 578
700 487
424 186
867 366
653 23
503 842
456 747
75 579
295 786
693 461
153 781
979 153
282 427
582 22
268 202
306 277
895 469
609 148
992 796
921 272
581 198
528 478
269 752
552 468
935 979
900 918
426 737
427 696
852 367
121 483
68 190
129 470
662 248
21 224
205 35
547 168
430 556
34 365
141 647
885 641
685 74
334 136
120 276
817 210
196 169
470 984
785 892
535 674
358 653
185 201
183 466
595 914
579 505
76 315
592 892
166 523
663 853
133 954
116 614
355 742
998 588
492 437
497 73
260 307
613 107
501 641
262 737
882 124
744 101
856 607
263 713
692 124
434 20
60 486
4 67
161 621
200 981
790 688
501 197
283 62
752 141
308 667
782 903
161 847
143 587
918 327
559 83
653 938
808 173
239 663
792 966
62 744
690 177
339 101
550 653
843 431
170 818
353 897
283 634
241 992
362 96
589 671
970 867
77 459
793 938
975 470
903 341
763 824
585 8
957 984
693 562
557 614
236 879
737 310
258 585
203 812
580 132
896 203
881 899
630 757
913 701
523 44
447 28
929 373
638 993
972 685
19 100
119 436
696 727
678 539
163 570
772 596
938 380
725 596
707 57
260 410
156 320
927 693
513 641
881 463
935 238
60 676
189 264
852 696
542 276
781 708
948 75
976 372
962 979
579 785
138 553
271 343
19 294
740 356
748 799
568 461
821 997
952 876
899 807
458 221
41 51
544 54
374 89
882 548
813 998
636 760
84 230
1000 935
558 970
482 393
912 328
343 1000
571 589
255 44
738 214
365 813
258 489
23 811
762 323
11 739
139 310
603 845
24 598
405 487
997 605
889 188
991 839
528 38
822 664
861 446
348 23
756 148
663 360
187 147
560 775
564 967
950 252
475 156
104 587
370 458
426 584
194 572
323 960
54 80
241 639
607 876
132 762
794 651
244 326
372 435
101 219
440 339
292 732
242 867
480 596
780 633
251 659
858 361
472 676
586 696
879 29
427 76
871 649
267 999
143 184
627 477
739 567
974 14
708 890
267 628
642 664
989 847
955 707
575 234
924 818
52 117
215 651
218 157
735 464
256 626
631 259
812 607
134 631
835 262
988 897
786 190
130 954
887 42
264 44
653 558
946 568
674 523
680 596
787 216
331 280
518 664
298 503
715 4
70 787
277 667
505 186
273 204
921 616
815 12
71 496
636 575
503 752
568 711
277 637
481 18
586 471
783 595
736 552
906 553
149 691
847 268
426 1000
905 737
50 152
508 700
77 54
491 822
616 717
865 229
538 133
520 904
297 625
138 187
728 811
123 803
969 7
735 616
63 755
783 998
954 292
928 951
637 699
927 43
505 976
987 468
346 468
537 101
824 60
6 800
233 62
487 625
806 827
591 335
869 62
654 915
555 406
594 432
119 463
696 890
401 644
755 255
683 362
100 392
119 380
157 95
930 193
234 690
395 294
85 554
583 610
51 629
124 133
53 855
735 423
203 798
722 558
484 781
851 745
751 841
75 472
847 289
229 607
910 464
142 126
878 324
806 161
114 657
602 930
235 687
731 546
442 783
611 888
353 440
971 476
485 903
902 169
454 222
195 336
496 416
774 306
909 394
694 810
809 14
829 83
209 990
922 990
715 340
819 359
193 610
819 466
754 773
828 28
426 972
633 940
245 446
555 921
936 165
315 32
102 232
505 658
289 589
282 410
457 791
365 902
66 479
154 785
124 519
548 97
712 587
188 782
571 192
883 338
799 48
183 271
721 748
981 849
833 938
667 706
724 529
177 370
250 920
627 198
629 924
975 640
182 725
433 113
964 151
52 123
972 650
574 594
300 271
599 997
986 282
642 574
976 220
467 931
194 185
420 329
15 389
80 48
677 653
610 736
765 688
744 102
797 228
289 639
363 560
324 970
860 644
972 78
459 101
389 882
639 716
568 67
184 332
959 929
86 311
330 877
848 994
978 817
960 300
579 594
343 815
231 479
730 458
108 42
145 48
865 609
113 452
850 626
852 857
66 978
400 130
936 468
165 910
334 527
407 961
892 729
343 967
239 662
525 239
356 910
286 573
134 752
733 332
49 804
558 137
654 412
896 640
144 421
115 954
997 749
780 18
965 26
249 423
222 525
978 407
746 907
68 147
175 665
215 348
327 225
400 733
846 422
558 474
210 188
926 286
680 420
123 398
617 783
67 490
34 225
336 674
826 5
419 295
318 697
263 360
301 565
621 960
414 236
767 710
76 507
294 390
578 533
996 292
445 554
946 977
472 632
470 199
823 705
738 955
872 505
502 596
266 318
432 522
877 888
199 396
20 257
448 507
498 775
704 998
217 853
824 235
678 762
315 376
194 710
982 76
290 906
437 713
773 111
136 124
778 695
586 272
123 508
91 354
717 709
821 996
847 612
481 299
227 283
445 432
468 23
54 202
387 326
628 885
455 763
245 196
559 129
490 656
577 418
634 53
853 277
601 292
268 429
754 762
645 633
44 580
326 782
697 874
828 452
874 721
67 906
999 45
287 113
932 122
236 543
559 168
706 795
671 799
28 819
749 271
571 155
989 232
537 287
684 666
426 678
742 480
278 226
16 858
471 218
609 445
422 954
996 619
499 21
941 406
54 81
777 746
614 57
138 84
398 23
146 971
975 999
737 450
441 253
603 505
464 170
300 320
55 558
834 751
278 435
289 34
953 11
480 947
700 418
117 101
657 767
323 287
566 329
553 807
815 602
47 972
178 685
394 638
677 581
289 268
973 474
38 937
959 795
691 601
178 572
514 930
414 950
203 83
42 223
388 487
672 186
550 191
919 494
631 32
672 41
892 460
35 763
108 483
736 860
218 559
971 39
867 150
733 369
62 500
231 487
855 681
658 167
970 149
2 387
221 269
795 66
245 135
9 601
653 864
50 439
696 509
364 283
59 463
991 334
316 470
131 967
451 681
254 318
787 663
883 682
477 69
633 919
649 666
945 307
838 70
861 255
399 687
984 281
151 365
243 841
408 274
63 754
745 495
211 327
214 890
805 542
404 198
421 864
104 624
728 586
34 327
880 645
335 927
817 180
780 824
509 920
129 234
862 900
78 183
206 1000
870 435
712 45
824 615
886 708
275 305
42 748
168 831
152 420
688 54
724 732
712 188
141 980
494 22
439 659
247 298
671 452
769 615
293 526
5 154
100 24
416 90
281 986
55 976
15 162
186 545
421 898
337 715
798 872
692 491
590 644
705 864
29 294
930 531
825 319
313 531
464 609
194 278
360 530
786 50
105 994
658 120
807 601
369 949
723 610
207 445
874 666
191 756
575 449
472 394
827 512
23 31
778 816
688 555
508 995
58 958
990 223
848 692
102 399
263 943
415 486
515 972
273 457
884 757
41 949
460 953
500 254
68 410
568 962
474 977
607 483
166 751
580 637
62 812
671 838
196 358
537 294
249 999
597 554
102 120
567 134
469 935
291 411
229 357
21 238
281 110
998 6
672 846
603 594
417 337
642 874
572 751
478 990
428 235
668 797
470 841
716 561
327 178
77 105
722 350
831 320
7 770
967 640
551 833
43 54
228 122
638 677
569 418
924 964
582 924
694 762
769 721
504 609
556 767
207 861
78 591
155 702
29 153
956 580
223 199
522 778
191 421
485 728
658 442
744 737
305 923
330 795
166 109
938 986
151 795
551 521
491 292
806 93
610 946
706 449
748 836
360 669
472 503
218 743
58 880
378 993
734 386
681 22
296 52
683 576
614 756
192 101
875 216
452 703
276 198
330 223
832 53
49 317
737 904
311 149
721 210
979 183
27 706
46 98
366 767
828 400
686 50
436 807
376 79
965 25
86 725
572 796
721 702
261 531
903 228
798 458
727 480
875 693
162 440
2 721
332 616
98 774
10 228
376 924
216 945
884 316
423 400
172 144
798 228
102 721
341 519
432 813
472 714
953 381
150 858
962 501
420 56
599 904
525 997
160 935
949 233
734 881
774 12
815 720
981 568
600 905
837 932
363 753
454 712
347 440
292 8
151 744
760 591
318 107
907 570
381 729
406 926
958 91
687 635
260 55
804 948
792 616
77 546
105 809
291 680
330 910
517 506
222 112
479 355
778 624
799 768
32 796
821 532
455 762
779 860
696 482
135 394
160 821
923 304
589 974
573 149
616 744
598 584
430 174
37 487
705 438
46 126
111 604
887 859
266 957
233 294
841 39
37 554
793 900
26 72
135 205
908 339
642 163
185 948
119 711
376 841
395 497
950 109
371 974
98 810
341 682
510 519
135 256
546 169
487 813
825 870
758 937
493 304
224 619
470 652
936 562
823 548
241 296
151 671
850 642
834 799
986 66
15 508
56 131
718 486
137 70
191 287
854 437
838 846
604 548
146 396
700 811
312 988
424 758
546 754
691 600
503 142
424 645
389 841
783 153
566 539
396 729
436 500
130 555
494 550
636 859
913 208
146 193
795 212
725 27
283 504
324 193
437 895
350 432
212 706
299 882
265 934
586 322
483 341
145 392
572 273
20 109
943 170
891 621
54 583
138 352
610 463
780 501
999 195
322 851
453 235
236 749
899 449
24 517
421 525
795 272
135 787
268 176
478 705
883 983
266 849
729 645
366 264
552 394
846 364
442 126
10 485
524 208
438 482
538 980
176 61
253 33
915 546
328 968
93 728
940 55
929 671
158 12
875 522
992 302
243 356
172 856
582 663
971 4
793 476
243 277
194 851
780 750
855 42
233 751
39 25
540 514
388 791
890 715
43 479
341 785
729 23
720 134
276 940
640 327
643 680
683 155
904 220
298 183
962 78
469 46
808 632
368 447
544 402
618 783
674 557
18 73
91 645
19 352
826 848
520 411
633 630
740 318
246 35
175 109
900 462
335 383
246 82
872 767
892 576
40 207
810 479
687 119
853 347
247 572
625 468
170 636
204 721
207 210
870 566
597 870
819 468
433 177
889 24
400 148
377 80
257 892
499 257
872 805
201 143
59 57
991 976
704 306
819 611
713 36
987 389
804 245
909 498
515 378
629 888
477 507
896 959
987 306
291 363
580 163
431 883
751 314
969 525
556 180
851 400
393 808
964 145
342 261
604 168
401 725
591 466
224 676
685 873
544 899
24 148
163 513
916 451
699 949
223 403
884 511
946 954
964 439
699 546
204 508
406 768
579 24
85 335
391 538
547 630
436 31
990 578
789 541
463 710
891 139
360 849
713 979
734 583
790 853
904 248
85 161
602 509
14 103
380 483
964 235
65 93
873 678
804 992
401 51
95 169
282 982
9 694
342 530
355 717
937 18
740 673
500 398
500 230
587 222
623 756
539 147
425 855
996 924
487 17
696 438
701 955
226 285
182 496
753 532
266 567
69 66
231 109
979 39
134 502
896 561
805 943
720 853
156 346
261 641
614 305
49 111
576 344
98 916
690 752
249 544
837 367
196 121
797 9
128 201
20 975
737 331
707 911
615 302
600 765
250 954
903 465
57 326
383 890
594 487
176 340
181 237
988 787
354 755
635 622
156 445
836 463
216 720
271 230
824 399
422 892
937 656
129 339
441 961
884 467
43 21
263 520
989 872
325 393
665 594
460 122
812 743
389 178
262 704
322 119
146 470
570 977
615 891
609 829
518 401
811 409
617 474
47 923
428 879
213 399
252 363
541 954
772 260
331 124
304 231
252 730
74 726
114 727
340 557
26 533
423 565
597 218
264 130
528 959
948 58
252 585
540 14
759 186
853 49
376 575
537 816
576 986
312 860
47 479
839 147
810 407
723 906
761 195
173 936
367 702
139 589
856 233
879 791
74 106
24 955
991 741
500 128
83 408
49 344
16 47
895 25
108 353
516 468
64 315
173 247
746 715
432 319
177 504
262 439
559 711
432 398
646 585
114 718
711 246
979 944
104 534
945 64
291 338
21 37
152 172
614 172
319 256
376 842
799 10
451 152
304 854
833 912
278 559
817 287
513 38
107 955
570 433
493 414
422 666
50 572
696 519
570 32
366 71
629 707
54 92
824 427
219 291
203 998
638 64
939 42
759 677
997 240
322 40
882 48
189 440
299 280
981 844
674 804
819 227
289 258
8 502
450 514
194 385
912 860
416 907
569 187
331 24
596 740
522 707
715 18
744 975
818 618
66 199
144 517
784 607
94 265
39 696
614 960
613 531
139 826
213 133
415 601
979 684
938 802
99 226
407 37
875 389
507 537
700 360
463 242
456 612
202 72
500 373
192 174
467 317
733 997
948 541
18 550
559 389
945 305
362 133
383 361
5 845
463 385
176 833
247 588
268 177
490 97
779 263
413 541
231 826
823 214
944 132
862 616
556 435
416 546
791 436
741 633
547 176
675 71
822 490
46 901
823 71
292 541
811 519
979 829
157 393
395 284
381 235
186 491
647 42
483 551
394 220
712 47
932 604
807 416
13 74
10 12
907 278
251 688
416 491
417 6
403 215
595 619
518 45
618 328
410 917
835 993
603 52
879 163
516 359
522 50
371 632
878 105
846 971
375 49
158 457
470 495
878 472
313 416
132 172
460 273
562 809
816 569
145 264
32 103
235 672
588 100
535 623
791 705
761 552
833 75
173 746
31 732
450 573
238 209
880 426
807 603
403 625
122 341
279 2
504 202
302 353
39 898
23 25
502 376
620 59
72 737
14 708
52 575
671 719
41 810
957 268
300 529
762 164
391 490
892 807
202 511
791 133
690 24
837 199
801 977
607 493
97 124
741 955
387 720
282 294
659 904
790 54
962 811
686 783
887 770
747 375
608 991
571 197
810 931
709 191
178 688
644 456
777 727
906 821
583 421
875 9
337 719
163 804
258 528
707 803
765 105
271 137
971 758
702 618
855 88
842 837
848 266
993 727
467 932
837 974
513 776
458 737
534 76
938 279
138 991
303 507
161 284
709 95
584 754
436 143
166 16
995 184
173 812
268 576
350 220
904 72
762 772
985 99
142 200
182 949
166 242
460 539
616 174
463 916
815 227
467 337
782 24
587 64
554 155
331 270
540 90
611 693
801 546
839 174
512 591
662 749
277 577
279 171
486 889
749 701
357 340
10 735
211 178
984 370
287 265
164 68
613 676
560 641
814 250
672 543
162 613
767 830
202 354
538 248
461 663
652 64
466 47
537 256
590 797
514 196
853 946
395 70
489 103
676 989
427 809
428 925
234 309
396 612
771 624
976 526
336 365
814 694
671 235
638 922
366 825
665 390
744 393
907 449
266 475
596 617
660 143
519 180
775 206
710 714
670 32
543 306
696 731
480 938
635 990
467 439
394 502
682 869
757 27
195 766
843 698
700 769
129 668
830 388
887 173
969 864
806 157
790 886
97 685
868 440
62 253
352 417
959 579
753 26
346 656
330 829
497 292
544 475
139 785
752 350
865 529
131 181
540 15
463 872
985 232
288 392
854 570
687 953
320 25
908 954
520 178
539 126
832 228
921 434
599 792
880 59
853 643
467 56
31 859
126 351
985 924
778 141
939 998
853 628
984 765
69 37
723 88
45 60
601 396
578 568
144 275
514 624
112 615
447 713
875 770
823 98
764 787
673 605
430 616
591 375
667 655
375 1000
414 188
362 757
203 699
315 553
828 572
566 34
876 910
932 904
169 648
745 825
410 958
621 562
622 373
825 981
811 230
80 108
526 639
731 399
21 585
388 204
651 718
748 714
532 187
627 767
829 647
21 954
584 522
305 867
661 650
442 900
95 962
120 788
133 888
498 667
227 427
374 14
359 734
951 954
936 369
274 264
814 187
653 780
620 321
658 162
236 442
204 600
503 716
417 925
291 932
192 175
610 461
467 777
466 469
448 840
625 520
475 417
477 243
580 516
598 709
486 99
771 797
875 849
116 208
16 810
948 931
127 740
628 447
956 502
581 15
930 376
827 387
258 666
206 124
558 273
964 40
438 403
245 907
226 337
453 702
937 973
902 125
615 454
972 753
4 547
703 867
391 521
450 199
309 128
708 858
123 234
33 198
178 536
795 630
578 378
817 710
726 29
104 380
88 865
160 62
198 410
34 603
293 510
976 304
906 721
652 827
834 178
174 595
728 678
655 384
380 722
350 810
386 675
633 628
320 254
891 956
251 477
662 599
13 209
559 51
967 400
607 185
807 555
956 999
494 802
978 619
596 334
616 516
714 177
805 198
629 258
228 517
546 982
362 343
282 436
432 361
250 480
641 635
116 393
941 168
27 616
656 24
862 698
844 865
866 681
685 163
440 578
462 441
717 605
859 705
222 453
975 287
742 62
271 740
474 272
433 575
167 791
130 540
872 739
457 628
105 212
324 370
937 809
683 317
115 399
25 955
264 733
483 467
120 503
34 955
852 811
609 565
257 196
426 177
190 302
392 353
891 431
488 394
273 546
932 855
76 177
132 355
778 445
372 772
708 958
620 261
860 529
130 860
815 543
468 682
658 294
791 518
369 155
939 275
633 433
674 988
345 82
330 774
712 900
316 853
908 689
317 160
655 484
783 211
17 464
683 935
557 898
430 324
88 923
235 796
387 115
274 696
192 969
523 911
819 20
343 850
473 976
849 937
900 307
818 864
583 164
272 761
456 701
996 347
183 826
409 233
176 556
628 196
44 499
830 662
893 514
469 870
197 474
227 780
232 738
292 880
314 904
577 463
415 138
675 931
292 967
277 117
975 322
599 566
176 104
510 415
148 134
205 499
647 220
409 968
272 682
609 375
523 35
211 975
655 614
693 479
287 610
309 38
223 433
24 170
209 146
856 231
198 806
772 593
21 707
650 53
730 967
693 241
548 724
845 406
761 939
411 664
412 247
603 236
198 704
881 450
661 516
574 831
393 262
431 314
95 684
437 725
901 166
27 345
454 300
716 107
826 679
446 748
341 410
387 222
910 174
351 934
908 955
620 493
687 185
865 498
3 31
939 827
300 587
122 269
571 445
567 519
932 128
456 729
678 356
577 343
460 877
286 541
322 842
567 948
932 23
494 330
843 436
605 320
411 703
406 170
615 904
266 553
249 887
876 436
144 389
336 925
500 928
419 154
827 9
925 20
336 556
470 571
555 643
663 724
8 862
210 156
564 883
625 943
310 195
24 488
997 907
655 725
470 773
328 830
664 184
920 34
836 414
820 571
656 556
163 588
264 691
538 512
280 304
834 747
360 126
225 884
584 301
699 620
925 389
891 196
929 999
518 371
536 887
483 86
321 151
194 415
303 291
17 382
218 265
825 400
847 983
207 564
804 570
112 26
439 203
131 144
865 722
575 725
248 554
340 250
741 583
749 354
291 486
681 194
476 458
575 570
192 49
70 690
505 46
433 313
508 987
198 123
4 448
957 486
850 139
932 164
127 48
990 867
116 263
816 263
389 931
586 35
490 476
628 666
685 301
207 25
652 186
763 665
585 233
839 548
664 728
585 462
482 667
746 956
429 384
983 569
505 618
824 926
37 715
594 248
182 982
7 487
393 599
638 241
140 708
803 28
570 369
842 506
699 95
202 925
775 994
44 104
854 953
488 866
766 149
501 996
615 368
732 396
200 261
399 367
275 309
755 993
462 645
120 476
671 307
855 438
507 300
586 729
915 773
536 462
171 21
152 259
752 844
56 819
167 33
171 162
7 568
858 104
790 989
597 461
816 684
859 20
88 755
824 167
164 648
114 315
597 446
912 698
599 847
703 294
985 5
269 324
307 49
207 438
170 283
541 312
890 138
742 231
892 492
382 550
166 295
648 34
222 884
905 469
382 945
259 80
44 746
61 196
192 29
821 762
348 656
224 430
3 169
909 103
296 890
814 220
67 953
103 47
123 853
344 614
274 817
684 568
387 722
829 87
724 201
743 31
174 238
233 338
823 135
614 40
686 133
339 282
895 305
419 338
888 65
84 590
233 140
91 378
63 777
93 648
552 647
111 996
516 994
759 984
641 87
25 954
445 513
617 48
599 992
121 801
716 700
953 214
907 645
220 962
995 476
579 29
74 654
198 741
790 903
378 297
194 146
645 59
378 674
971 117
217 762
216 307
427 249
660 664
554 103
477 596
521 118
541 363
506 68
677 379
683 934
387 229
902 708
636 926
909 344
69 523
169 639
2 468
807 633
596 508
979 492
288 477
142 488
914 257
734 390
990 44
645 511
888 562
563 26
586 409
490 370
625 501
540 378
672 674
947 360
662 973
432 278
249 715
276 350
400 135
138 347
232 626
999 490
750 980
896 419
881 859
556 373
24 286
116 140
34 139
880 705
674 806
94 516
984 863
507 219
146 992
954 59
793 383
522 263
480 590
445 692
427 969
581 760
260 446
397 817
815 879
450 157
324 742
430 619
114 14
684 134
582 877
368 653
502 728
564 323
433 967
199 280
401 353
312 964
994 544
690 50
618 928
892 199
885 371
503 143
401 242
207 674
355 119
619 738
378 188
584 639
514 842
87 532
326 308
401 131
495 842
222 485
957 142
333 948
523 716
653 661
265 684
382 434
134 830
655 360
179 163
795 125
305 713
218 886
722 877
701 107
26 165
889 507
321 615
364 323
771 5
754 759
3 552
595 329
83 413
196 644
292 183
918 71
171 846
776 636
886 331
576 409
297 680
242 493
596 556
913 598
533 997
421 887
600 446
988 61
456 150
111 830
518 665
914 116
478 779
780 785
910 864
158 901
486 310
170 315
578 848
210 300
730 535
894 407
197 562
422 665
703 760
851 589
803 302
788 90
920 82
349 776
225 794
834 744
484 49
215 931
128 357
55 602
874 880
721 90
423 150
588 981
392 598
346 536
78 536
13 743
285 834
587 718
406 958
354 359
981 826
602 1
930 520
15 158
166 94
114 359
811 279
890 260
193 92
670 478
341 460
198 463
492 40
204 884
78 933
545 784
395 649
514 705
361 777
590 991
190 690
250 121
929 546
434 71
375 984
253 663
884 623
829 186
26 185
235 5
909 211
434 821
182 447
183 914
993 34
944 746
230 395
783 895
511 438
439 181
116 38
127 152
546 517
339 257
33 958
499 634
676 896
914 781
168 631
757 347
408 134
447 670
106 431
145 857
2 738
993 893
172 54
10 297
985 829
11 883
362 836
395 919
147 400
93 724
868 718
82 327
376 984
693 485
436 882
864 893
704 662
154 763
626 777
86 758
214 315
87 43
398 558
929 248
688 186
707 102
935 491
138 855
582 794
731 124
843 614
125 797
254 699
350 570
721 70
795 731
78 453
345 346
934 258
661 458
189 473
852 655
544 712
617 262
143 440
754 153
367 606
906 434
843 981
505 446
576 712
351 74
178 940
252 541
273 896
824 348
217 291
861 538
496 422
852 835
190 686
362 435
226 130
745 882
1000 997
187 277
443 911
635 938
451 648
291 211
58 554
476 205
974 628
481 161
944 519
599 207
50 182
220 202
849 766
187 499
499 261
931 912
95 785
224 124
415 144
954 194
205 461
243 38
85 791
431 895
838 955
54 18
428 323
621 982
267 839
752 907
949 879
396 929
860 350
972 640
313 5
189 682
998 500
90 209
896 4
774 37
99 645
542 1
467 937
546 92
394 465
380 170
588 455
772 526
419 894
423 862
436 128
694 767
826 431
424 547
26 795
463 642
360 853
144 674
795 965
218 306
657 996
25 65
587 359
458 337
386 530
722 814
89 91
131 346
832 509
338 650
65 450
528 998
857 94
307 445
520 10
154 264
69 411
553 454
960 448
444 209
726 763
748 103
325 178
1 516
364 344
476 290
188 238
151 474
157 921
598 545
231 8
62 866
906 62
639 108
624 315
471 949
400 821
185 705
558 2
652 67
603 919
361 256
345 907
129 410
376 195
756 46
576 348
776 782
906 886
837 363
146 846
954 73
537 39
278 519
545 884
120 311
673 551
271 762
901 607
152 114
318 675
234 293
786 657
15 705
384 951
494 96
3 957
150 700
764 838
548 583
665 677
314 445
815 735
324 630
218 17
648 976
663 566
78 573
191 230
506 276
734 916
290 533
113 94
151 596
246 722
281 974
726 232
673 476
271 303
311 786
186 853
688 575
265 322
708 690
163 813
288 173
350 191
960 671
887 460
299 623
999 534
964 875
234 436
255 358
455 352
682 420
188 317
830 884
173 559
605 556
2 441
312 513
782 874
400 228
678 267
330 109
991 336
459 579
500 285
598 466
691 172
69 256
396 112
329 83
425 704
734 157
19 856
921 288
84 818
712 635
735 637
520 610
552 403
10 14
497 748
79 366
617 691
963 475
943 721
305 229
273 363
748 16
6 831
707 990
618 47
871 851
341 708
432 224
294 437
698 135
437 432
149 205
722 1
225 575
102 871
505 799
72 470
94 919
590 56
422 670
214 347
281 622
500 614
836 408
938 456
794 948
370 32
321 474
319 115
958 798
458 548
852 739
369 71
703 46
154 848
66 220
46 819
603 202
186 902
406 959
998 873
697 498
271 259
848 130
283 209
397 361
553 723
819 298
424 281
118 151
28 234
639 531
952 783
700 757
260 822
359 296
805 94
631 974
153 543
961 880
291 937
588 689
511 194
168 60
666 295
481 43
706 548
628 629
206 391
374 713
235 149
550 716
220 231
40 389
371 373
214 781
88 401
714 461
552 480
727 577
250 685
70 496
375 683
358 447
620 550
219 839
76 708
572 705
756 102
918 829
208 468
673 638
584 143
824 766
396 559
239 249
295 315
318 744
619 665
238 431
430 762
896 138
537 136
918 543
341 570
713 591
462 823
509 756
826 182
555 284
21 648
595 623
869 116
228 76
907 667
750 457
532 4
65 953
393 98
765 276
802 286
753 372
865 914
828 365
26 772
616 60
228 418
413 272
640 348
234 863
192 595
748 952
756 181
987 593
511 674
113 247
186 781
812 969
317 485
161 601
678 998
570 759
703 433
834 288
288 324
472 481
537 835
455 296
661 909
247 212
120 531
796 228
567 683
435 260
697 601
75 797
256 913
234 187
671 939
889 434
62 756
952 760
934 568
98 312
406 225
983 761
791 246
497 305
837 84
396 286
422 794
168 453
889 893
900 81
108 432
817 104
480 326
997 751
327 706
977 371
392 695
396 621
422 599
25 783
135 310
43 397
163 953
937 814
555 491
149 374
641 198
492 542
20 133
386 367
663 877
423 200
635 566
301 748
638 687
859 142
186 604
246 580
432 138
928 261
103 945
40 709
347 451
317 295
564 280
218 348
356 482
885 994
657 987
485 706
969 985
532 493
295 307
333 910
616 310
190 873
375 311
491 282
200 989
365 509
937 132
773 790
705 96
902 698
887 408
744 666
986 635
248 612
28 354
478 186
109 905
148 879
576 866
761 298
252 887
683 513
407 847
487 413
684 911
975 184
832 954
117 160
410 192
549 371
853 433
376 85
563 683
842 350
480 527
331 991
339 312
395 122
489 268
183 251
797 635
176 107
267 132
270 741
436 533
20 980
920 346
439 898
560 193
209 154
790 322
410 644
52 790
968 102
219 60
183 409
276 45
560 80
745 84
746 295
450 360
453 883
863 908
25 626
350 721
519 176
105 887
401 581
864 917
612 275
224 564
479 772
962 382
925 106
176 439
551 240
630 683
575 254
241 96
77 762
637 275
268 913
659 32
879 136
611 315
673 332
359 545
251 184
382 642
904 104
133 346
907 879
658 43
436 397
98 188
959 595
683 488
553 400
500 495
317 783
467 222
754 610
115 720
757 769
709 686
455 956
306 243
533 656
92 672
37 353
105 603
98 369
391 302
191 1000
140 110
297 550
116 750
26 69
638 522
869 488
672 575
361 338
397 594
554 703
25 395
616 908
158 745
586 236
715 960
556 452
576 266
975 434
372 229
547 620
301 223
290 144
128 827
555 644
242 697
480 270
851 369
618 44
359 869
897 105
770 281
211 770
798 187
943 987
162 184
906 43
932 964
507 498
566 470
664 89
756 711
243 428
873 805
655 869
858 147
473 439
492 501
478 731
20 300
320 526
82 933
375 40
88 538
622 91
18 189
475 638
756 997
961 267
825 292
75 389
402 175
352 782
721 395
2 968
449 200
251 324
551 331
134 649
709 991
291 586
914 308
300 726
649 929
409 388
155 184
126 413
622 518
633 347
538 491
297 351
795 456
466 318
139 620
467 107
451 686
788 887
456 760
844 923
168 204
835 413
779 604
710 116
362 142
291 134
883 544
530 181
390 718
954 445
707 671
814 929
448 618
875 853
141 521
906 833
599 522
103 379
489 35
681 957
849 451
334 181
711 989
552 686
367 55
812 96
465 75
637 405
862 798
461 159
262 976
817 399
640 128
34 915
250 408
327 163
661 246
898 712
114 197
332 140
189 757
924 584
872 425
706 463
854 265
109 318
722 407
850 608
821 853
321 342
350 971
77 817
82 376
857 309
34 740
661 569
185 368
646 295
99 470
407 497
636 937
854 90
181 740
865 883
973 584
668 90
69 643
715 145
109 130
401 73
626 637
377 314
298 711
952 638
787 877
494 695
590 32
195 792
191 765
433 457
269 35
256 914
84 38
457 428
45 717
28 573
106 973
922 977
994 8
10 695
763 713
231 119
69 104
451 824
921 287
746 780
785 440
76 779
93 995
186 199
810 797
150 362
444 627
513 470
676 934
385 91
798 465
797 336
396 637
722 55
794 344
153 336
372 332
266 81
451 87
841 707
271 736
399 479
699 237
12 572
824 522
271 785
684 14
81 103
814 633
600 773
360 42
547 798
587 989
111 199
25 552
48 711
488 398
587 938
716 270
38 998
167 198
843 597
777 150
638 575
532 136
510 946
460 163
392 67
545 3
288 20
252 349
803 855
365 218
762 670
959 856
263 849
109 213
551 386
238 907
151 784
413 472
728 401
213 215
696 239
176 720
189 78
190 761
265 518
813 147
179 72
770 573
112 37
957 21
773 678
387 119
300 716
583 19
415 685
622 591
446 127
278 255
179 870
718 697
353 47
173 380
767 84
453 28
685 481
170 830
135 960
193 759
651 430
124 972
680 142
599 605
980 449
430 998
291 887
976 628
427 812
889 905
154 148
672 865
158 940
548 284
741 269
353 580
561 159
766 208
91 456
864 284
737 446
427 970
727 223
251 654
219 428
864 807
235 291
940 132
964 258
971 614
577 633
189 573
464 484
29 84
926 194
216 581
203 833
96 767
226 546
116 754
209 432
842 290
104 154
123 150
485 515
491 912
952 424
971 324
196 433
316 535
668 316
687 512
296 504
950 998
701 420
266 861
504 670
245 215
360 962
914 47
164 594
806 225
757 637
464 544
411 43
798 581
251 296
948 370
972 328
961 249
320 239
139 869
670 643
451 919
748 167
491 406
843 253
516 45
790 452
867 243
170 609
101 987
625 261
218 885
383 29
790 439
671 592
93 152
314 743
939 844
279 295
835 349
448 865
2 72
130 53
439 61
25 281
139 289
840 137
340 533
608 813
166 953
564 968
512 547
419 367
962 671
690 654
509 908
633 424
489 352
825 766
827 344
422 668
479 581
974 57
959 476
195 419
109 345
332 248
481 786
78 492
685 572
997 250
696 875
894 626
627 341
241 178
612 391
744 23
281 831
998 668
33 174
87 471
125 512
401 322
402 29
186 900
800 904
998 879
180 218
91 513
57 913
960 590
401 823
138 754
969 912
515 540
239 947
919 486
903 925
299 589
644 79
260 816
833 18
852 810
100 567
528 544
106 564
326 49
364 252
459 656
758 468
649 928
162 853
611 786
10 769
541 739
102 411
128 732
780 492
552 83
970 974
331 454
957 708
465 654
858 879
785 467
605 242
629 252
271 367
709 52
819 524
948 402
219 808
573 517
171 589
618 254
176 933
981 256
650 693
323 935
380 844
453 552
772 864
955 480
495 109
333 66
959 274
266 13
106 332
896 140
183 706
778 160
931 386
555 286
803 604
109 317
561 530
156 274
583 597
569 511
753 362
290 744
99 328
464 315
468 659
198 524
159 798
919 548
96 790
137 244
467 605
375 444
123 463
360 907
695 873
187 337
646 439
777 420
854 300
501 326
193 61
288 215
416 796
571 960
365 279
2 176
830 163
616 363
672 77
377 313
340 171
583 921
855 724
415 571
623 616
274 361
386 815
398 262
339 885
344 221
108 78
456 567
990 52
826 957
387 427
631 802
500 288
156 756
857 865
171 958
828 166
421 712
80 838
64 91
946 25
804 399
405 710
957 375
524 830
619 120
487 456
490 60
384 449
352 437
723 166
85 338
547 372
16 252
70 323
145 536
989 183
295 618
675 497
835 456
326 616
310 109
414 556
47 960
872 970
194 20
432 219
983 674
971 910
384 469
607 798
615 989
167 786
46 629
323 16
110 296
347 182
332 802
727 171
893 159
949 157
719 519
32 393
336 52
156 455
150 161
365 248
4 659
840 510
43 959
485 494
177 821
271 167
19 54
590 387
593 493
351 501
242 325
29 145
711 405
986 180
125 712
91 476
887 116
97 756
169 135
597 207
834 147
104 492
565 353
970 499
632 850
505 635
448 457
531 286
956 785
773 677
425 975
1000 949
17 245
364 196
238 131
391 439
749 695
36 934
454 477
516 360
847 350
324 840
154 41
305 899
610 398
810 732
480 151
652 239
836 604
325 465
310 303
558 1
444 417
915 266
348 5
922 212
707 598
712 800
305 254
421 800
139 115
604 101
205 494
388 658
318 727
341 670
287 835
440 321
280 170
890 953
59 627
216 808
603 340
146 623
826 253
938 467
77 5
962 758
952 331
794 974
265 20
963 973
410 983
879 320
986 118
254 758
755 303
369 88
920 792
423 895
924 800
192 853
124 198
874 849
506 855
806 151
829 750
498 542
744 986
84 411
378 184
786 227
472 453
352 979
564 744
943 459
860 577
303 104
274 312
507 901
933 225
827 717
94 167
477 805
729 68
848 598
540 180
411 328
472 330
880 71
809 77
866 38
365 609
567 680
374 369
228 824
286 759
827 346
785 212
73 202
952 707
619 179
265 876
219 545
33 805
729 512
527 765
107 372
440 801
610 261
97 446
595 427
598 802
836 494
234 113
988 138
166 958
990 26
999 266
12 272
641 320
310 85
955 160
723 444
305 363
864 230
438 393
243 227
559 99
184 717
484 223
816 899
751 379
121 330
882 502
573 819
528 765
100 271
230 518
825 878
264 666
896 881
820 951
470 248
843 638
399 52
630 794
901 752
330 534
259 558
556 808
275 216
795 529
523 526
765 623
971 240
203 74
302 626
105 892
469 131
420 985
321 404
956 763
4 24
207 563
726 981
654 508
807 684
900 466
960 365
173 528
139 640
195 796
758 106
758 469
109 269
231 367
656 182
566 940
588 684
45 864
526 334
947 311
605 303
328 421
737 863
810 517
740 838
580 755
562 418
381 515
213 706
107 451
469 680
736 939
929 35
225 156
906 599
541 772
176 888
875 966
400 880
699 372
610 297
3 429
282 380
620 914
159 22
396 708
435 790
720 990
849 432
595 52
651 326
340 921
234 228
954 157
516 868
814 641
376 877
712 967
231 529
55 359
522 328
560 139
172 193
444 830
293 979
935 356
632 269
595 899
602 189
932 938
721 41
333 419
778 48
446 130
447 175
214 174
877 678
54 455
720 239
313 207
561 529
356 235
475 559
494 377
441 883
691 527
52 83
789 626
683 147
591 997
503 362
753 75
773 942
632 824
46 348
528 879
472 235
816 554
614 999
298 465
728 294
620 268
80 315
535 725
994 441
592 388
60 170
443 786
391 113
675 607
146 113
273 311
440 580
460 803
118 771
89 3
486 807
445 8
897 634
229 299
511 368
168 170
69 86
609 161
541 1000
202 584
586 211
752 482
315 427
888 471
228 600
724 837
497 294
874 214
220 484
131 621
210 206
638 22
106 399
779 456
146 870
163 860
976 537
595 833
394 104
603 730
509 947
432 253
59 652
48 411
48 681
881 621
945 764
124 477
306 942
115 258
668 564
826 779
416 381
454 741
731 576
302 263
341 765
384 586
369 12
916 302
207 804
479 195
30 790
337 558
946 660
928 375
378 306
142 945
592 36
796 438
1000 265
319 763
533 255
381 814
646 400
578 122
762 783
778 616
487 142
421 56
232 156
723 664
726 797
481 352
267 800
593 936
79 685
460 609
689 681
31 590
123 697
1 751
817 292
226 162
374 362
322 753
256 31
683 712
888 678
580 676
67 779
505 346
901 673
735 756
508 241
278 991
151 327
999 3
802 733
776 336
514 201
40 320
629 2
455 684
233 305
489 223
483 825
979 924
345 824
512 596
115 162
922 324
427 814
196 97
876 643
163 888
150 598
797 745
764 636
56 547
106 942
275 259
445 719
565 750
46 156
719 629
760 890
678 534
146 767
25 583
224 567
703 929
869 393
345 357
401 459
772 750
897 570
632 547
424 175
716 730
801 42
267 722
42 94
118 493
923 151
372 917
191 371
765 586
948 94
829 917
532 285
807 933
412 403
436 281
916 547
41 431
484 557
407 853
74 289
290 866
478 7
958 269
430 362
696 380
951 988
536 741
421 429
103 892
732 685
288 510
36 884
952 597
754 609
340 450
273 511
511 187
847 317
406 61
267 281
258 508
978 335
260 658
463 437
488 735
892 981
396 338
680 221
681 676
875 15
645 769
405 492
558 34
410 338
999 436
789 342
58 448
222 727
785 535
970 541
744 170
774 421
371 40
432 228
881 971
608 13
186 479
828 514
390 45
907 405
306 788
862 801
11 297
285 394
56 942
458 846
780 26
177 914
971 272
164 956
56 797
953 17
850 635
414 296
915 205
938 214
958 237
209 402
375 37
834 253
214 109
124 985
385 879
351 460
138 609
892 224
86 171
752 403
215 525
878 439
790 789
807 841
959 914
285 639
142 24
882 669
510 589
60 417
368 357
467 417
307 72
138 342
493 653
645 272
800 199
969 752
789 362
518 945
558 898
118 734
675 930
468 172
141 66
435 349
827 623
773 955
369 737
120 729
304 544
876 240
296 900
83 444
410 148
512 884
187 490
710 942
98 926
738 467
37 501
903 257
889 869
339 260
215 425
128 875
419 188
183 143
495 137
25 21
779 396
840 142
162 390
988 30
456 183
828 695
431 870
180 550
452 195
508 289
314 172
935 359
684 37
299 193
979 547
996 230
413 458
933 659
634 671
484 929
569 577
198 755
949 89
536 242
818 640
393 247
380 353
564 537
220 794
276 548
316 985
208 818
597 440
859 846
900 145
4 110
961 389
190 881
526 239
179 448
577 213
596 631
557 919
356 552
711 102
514 702
153 590
778 855
47 46
361 979
197 381
148 855
365 567
829 104
444 202
549 121
472 390
95 483
463 79
395 999
343 933
14 639
861 168
420 651
719 318
116 353
870 958
118 930
819 332
720 979
535 152
478 539
962 944
409 48
555 803
962 803
745 433
852 371
490 220
567 285
704 442
528 232
474 124
475 209
354 898
150 587
997 892
689 443
987 186
915 585
989 456
116 852
708 112
581 782
105 221
181 144
668 646
794 633
561 850
546 230
399 254
238 82
422 309
884 448
134 377
792 983
233 690
419 869
848 401
556 866
790 260
547 609
863 731
95 877
988 499
227 189
815 548
126 909
911 113
661 602
540 797
126 796
77 564
316 876
854 212
565 367
164 392
751 596
476 618
937 136
666 982
4 209
66 950
490 602
1 893
148 900
758 483
338 534
908 910
287 467
903 593
311 457
631 689
407 843
265 886
625 632
292 153
404 563
25 677
995 602
136 859
301 469
141 364
509 274
456 386
20 515
2 18
576 435
941 133
727 660
802 589
839 746
842 346
182 235
789 305
441 419
900 894
261 648
908 417
949 571
228 385
24 540
202 588
332 531
59 973
301 776
840 198
162 462
73 761
326 741
651 30
245 987
536 366
738 876
388 547
740 31
750 683
518 221
522 144
211 837
12 690
753 470
453 768
313 149
150 800
355 782
122 527
29 81
752 650
787 381
915 176
219 335
119 174
610 667
475 534
651 555
714 685
911 85
604 713
420 592
977 569
800 990
490 924
187 916
744 875
817 993
288 273
55 123
809 250
939 530
51 114
568 328
52 729
736 826
818 592
493 569
518 970
44 793
562 346
619 919
526 449
164 243
179 214
531 429
53 817
420 20
224 509
667 61
705 354
782 798
932 143
941 232
537 601
171 823
830 554
245 458
376 407
582 59
399 815
148 621
22 2
603 857
250 547
785 500
549 275
951 387
611 550
137 837
832 320
732 786
552 408
625 838
684 653
943 732
590 867
721 656
349 719
423 328
626 725
470 941
452 232
45 359
250 999
279 736
720 487
426 350
100 265
500 611
387 143
603 434
989 673
430 628
981 625
488 442
74 831
422 381
116 674
915 204
81 334
209 401
285 860
413 263
548 838
841 726
755 442
764 608
626 548
70 621
340 210
859 488
436 335
976 332
687 662
246 418
651 62
178 898
730 375
198 449
933 818
332 794
706 193
403 604
784 701
839 217
442 593
957 398
80 718
870 689
905 563
601 412
395 621
681 84
663 220
791 11
776 288
705 334
176 540
874 591
906 935
353 872
932 163
990 377
98 273
889 10
358 199
315 16
527 723
804 752
642 123
544 195
735 604
225 259
906 548
836 805
193 813
603 978
349 674
650 545
889 981
339 500
729 828
459 507
194 779
867 906
797 575
914 333
506 802
594 823
785 643
589 445
112 921
798 155
945 837
105 224
140 545
768 986
841 692
310 849
632 271
6 62
228 250
564 636
357 474
414 787
792 127
497 207
189 753
264 696
321 441
51 720
164 977
608 487
458 754
939 1
320 767
981 646
381 550
844 130
310 738
848 69
227 128
213 477
655 234
920 705
562 990
262 528
412 421
584 558
859 500
588 14
100 78
434 316
787 768
94 210
520 389
539 355
843 523
209 808
606 329
308 660
348 585
277 707
558 556
653 808
984 65
271 258
783 485
204 455
644 957
53 80
135 570
688 937
714 185
145 354
554 974
296 978
39 778
745 773
429 170
909 96
801 895
841 314
309 884
92 356
365 856
766 764
839 624
54 680
941 160
690 480
784 101
531 854
364 869
607 613
495 831
422 448
135 254
562 166
853 933
20 623
239 314
426 613
300 78
618 209
846 449
902 311
337 215
886 542
788 314
326 279
556 174
439 554
902 454
892 992
689 840
693 451
971 737
204 272
833 704
351 492
159 584
362 580
474 58
579 117
925 129
376 728
855 192
643 976
474 173
212 985
229 901
329 511
846 556
26 869
868 44
825 247
759 277
54 831
946 613
468 801
35 862
695 846
937 382
294 941
873 684
657 879
986 981
743 106
921 786
647 888
937 24
889 375
743 628
303 951
624 964
22 773
157 994
231 177
953 899
931 852
495 173
166 695
356 418
947 414
280 946
573 360
106 207
566 533
941 110
867 740
728 670
379 762
253 157
681 616
3 628
23 617
118 139
528 213
529 556
91 351
885 633
776 899
465 6
428 142
364 50
72 416
479 621
358 602
382 181
271 881
169 667
172 794
981 604
798 98
734 321
293 634
384 778
704 835
447 225
109 258
396 562
424 630
298 83
116 766
428 722
947 578
129 747
351 490
835 281
428 865
359 975
126 942
324 786
237 495
717 805
421 248
599 449
860 787
990 838
421 73
880 34
624 770
666 555
557 990
69 488
490 703
256 943
406 465
120 592
835 853
657 117
438 550
830 600
279 178
236 430
361 571
162 956
325 144
790 314
993 430
483 622
398 663
93 5
184 799
44 463
814 31
381 376
799 329
361 341
857 632
757 479
922 132
337 492
466 8
875 876
701 552
560 900
82 56
91 266
127 600
440 514
827 126
665 79
479 675
444 33
466 810
196 71
414 26
822 439
881 969
883 135
367 30
719 821
280 26
518 864
836 119
102 690
488 157
729 961
495 442
409 346
293 137
490 266
474 67
592 674
773 499
116 572
209 246
377 884
963 29
712 283
398 328
200 463
465 817
412 603
512 18
346 936
679 94
129 171
702 509
480 830
525 813
808 760
751 824
578 414
373 514
699 458
449 82
754 255
830 56
834 167
381 980
114 753
654 117
765 846
911 846
491 473
991 412
905 417
321 826
674 766
749 346
936 265
113 440
343 945
887 716
869 474
563 42
129 543
16 359
420 9
758 91
61 297
101 844
157 938
182 519
390 325
305 973
386 24
425 550
589 888
625 519
714 99
274 965
318 854
300 742
154 782
391 47
202 562
40 456
125 410
732 102
794 321
112 502
889 581
413 821
107 512
572 590
320 931
615 360
266 9
784 454
517 560
21 289
281 351
910 609
656 512
915 781
350 658
976 237
617 237
86 888
742 65
108 992
513 826
693 786
203 956
920 804
134 290
997 282
29 24
360 209
837 865
165 456
185 266
302 691
251 25
14 231
455 115
238 769
212 676
303 207
570 526
959 944
726 901
929 741
952 834
626 297
476 640
291 764
344 50
94 98
886 206
687 907
840 818
705 829
682 265
451 736
913 971
87 936
970 12
697 972
274 519
294 578
763 607
49 143
469 728
897 639
71 628
329 109
918 407
814 228
675 702
842 213
269 871
187 226
379 864
453 325
650 627
173 70
41 405
183 237
721 590
296 559
262 260
500 791
85 943
473 212
289 698
626 709
769 775
129 74
614 98
281 332
945 791
224 704
651 69
979 592
308 760
416 402
694 37
253 331
648 674
955 459
333 499
775 220
536 539
33 415
949 153
272 869
646 75
744 181
837 948
39 54
315 822
467 799
564 375
380 272
113 939
373 585
890 613
894 793
570 947
173 802
830 746
284 93
602 448
198 511
949 349
761 609
868 259
303 80
145 146
620 371
155 17
610 825
369 589
571 882
523 902
986 756
16 874
638 990
169 310
310 880
391 435
486 887
895 153
292 52
528 618
334 651
117 57
173 375
999 175
175 473
895 110
878 792
827 774
121 175
654 617
639 21
235 339
163 398
465 714
304 200
875 899
404 787
940 829
443 255
7 406
409 899
671 959
317 829
567 254
950 226
421 812
903 216
836 141
654 826
398 637
955 265
79 433
358 712
250 961
54 241
772 804
699 780
520 163
367 106
815 902
851 441
390 215
29 781
803 314
20 48
332 834
742 829
691 829
90 188
882 176
4 748
591 552
794 970
246 523
372 754
484 916
34 839
636 702
904 417
703 51
634 106
268 824
855 852
252 271
489 971
420 707
425 339
959 234
549 618
53 379
250 371
212 732
449 230
412 494
142 3
950 874
113 177
576 567
95 97
703 358
908 590
798 590
13 814
30 980
126 649
805 466
558 762
95 263
317 777
231 327
995 621
469 446
87 995
649 536
559 5
502 446
175 268
801 693
16 395
27 761
663 43
597 803
376 409
838 87
880 857
143 856
668 834
405 716
939 976
83 18
874 267
413 669
287 100
235 319
864 301
577 584
748 828
448 516
505 597
269 554
609 95
206 255
758 568
941 120
780 186
270 856
262 204
138 502
98 686
419 483
479 563
710 494
196 215
748 916
383 771
242 917
815 922
29 785
216 776
452 392
570 55
842 816
275 877
683 380
81 418
798 95
157 77
694 924
952 363
91 201
219 316
167 52
208 43
846 610
869 426
13 654
171 972
358 929
970 842
678 640
437 286
384 646
829 556
315 894
122 912
87 466
569 87
422 93
260 392
616 86
798 648
602 9
786 176
53 351
971 244
274 92
826 721
958 498
890 268
720 191
104 409
398 133
91 693
93 675
930 738
914 159
537 872
863 64
956 870
776 196
80 561
691 499
325 849
2 404
644 987
222 235
683 631
64 197
744 615
598 390
891 648
563 732
871 347
434 858
879 828
97 252
831 953
170 864
193 513
250 466
453 223
488 999
202 337
457 905
508 545
913 665
515 253
438 220
97 478
558 61
62 908
324 211
737 174
220 422
854 749
253 84
954 153
593 722
280 968
388 746
380 841
729 885
106 329
182 927
502 118
764 790
930 96
110 128
76 304
424 785
703 917
587 900
682 912
664 443
705 593
405 675
818 116
315 251
473 405
320 608
962 553
815 249
809 700
122 218
787 149
920 626
189 179
744 790
393 470
322 340
507 976
861 737
369 983
78 905
675 869
839 46
127 360
58 865
135 679
7 236
524 341
627 857
785 118
951 513
843 184
37 193
511 30
196 550
527 994
287 393
161 813
753 651
848 673
387 145
850 438
26 20
745 660
43 325
269 656
254 470
956 334
831 802
320 974
942 137
512 962
766 333
179 607
110 753
58 276
665 228
79 190
906 710
400 751
827 72
884 15
871 771
709 164
646 671
29 695
980 649
766 190
882 427
681 812
974 427
567 148
484 147
546 370
158 84
834 697
314 496
817 429
447 126
266 338
238 81
830 626
375 643
155 623
62 728
252 117
894 572
56 216
756 642
109 370
958 217
670 237
180 121
306 688
792 379
901 39
61 714
263 830
88 728
986 177
293 311
886 926
706 48
583 858
53 407
881 62
264 146
247 833
928 105
985 104
531 180
327 169
759 170
66 949
585 643
583 120
911 641
957 67
269 65
236 500
734 399
235 190
117 813
35 412
453 117
787 621
939 909
403 884
500 176
690 160
853 756
986 81
538 348
260 698
409 96
305 23
141 361
658 533
530 531
267 479
82 957
382 406
733 145
222 654
281 376
580 356
304 55
206 898
387 868
708 448
232 281
15 600
453 747
173 924
850 881
817 376
396 893
381 281
684 520
974 310
427 81
836 307
512 409
60 853
929 938
707 38
247 481
543 692
391 587
237 203
76 207
624 408
100 197
247 406
139 133
621 357
638 605
662 254
924 172
601 969
859 385
145 236
553 767
420 930
331 249
461 349
761 636
744 878
374 57
835 569
322 412
910 5
344 124
17 426
844 313
867 104
830 892
247 986
140 432
801 618
86 476
41 77
95 262
888 1000
80 741
687 66
100 744
770 906
627 267
691 180
736 539
383 534
768 706
591 29
727 708
802 765
303 536
214 751
900 974
903 906
262 419
541 940
785 634
201 371
614 201
629 772
8 840
315 324
776 978
928 809
155 434
827 481
703 658
922 471
797 713
482 462
391 888
15 700
589 892
281 630
500 622
67 69
142 561
841 622
586 984
405 541
247 340
310 618
621 696
434 224
142 851
809 566
147 59
609 996
204 56
151 515
812 703
981 848
359 924
678 784
271 154
274 202
475 631
994 733
373 512
482 695
612 227
5 475
943 261
775 610
19 339
193 196
434 230
420 853
773 855
528 550
355 897
505 75
88 93
765 829
53 737
330 38
847 767
387 437
80 705
192 11
782 846
785 26
435 417
165 840
519 873
957 508
373 245
139 613
244 577
303 734
145 276
878 870
245 427
908 183
173 443
305 974
966 389
457 155
583 388
538 7
175 758
988 107
756 255
234 225
785 759
185 995
557 11
599 53
712 972
585 322
270 676
57 281
2 618
495 107
759 974
48 352
815 968
707 819
767 575
650 401
9 495
82 719
896 868
929 206
416 487
825 909
807 293
60 942
200 443
730 786
379 224
17 933
275 29
313 210
246 969
618 719
360 211
582 930
342 71
513 973
368 718
646 143
608 595
962 208
86 88
434 473
161 375
34 767
588 186
372 969
468 776
142 73
164 513
860 806
756 887
563 509
514 779
307 59
101 75
460 491
482 47
979 236
448 483
710 399
947 971
288 348
776 225
540 74
335 382
523 924
763 371
144 891
421 353
1 567
420 47
538 470
403 859
151 457
564 405
945 504
809 281
206 491
913 747
309 994
384 455
774 692
372 901
328 164
145 530
957 595
527 656
466 206
610 333
732 213
677 553
591 18
258 706
650 704
408 235
962 686
780 835
215 318
91 372
201 404
24 443
231 560
906 288
112 952
205 85
171 333
450 284
569 722
72 278
402 667
349 982
63 216
891 459
357 507
363 589
916 464
664 105
569 106
670 67
29 73
911 351
273 543
76 788
831 84
906 381
428 745
694 756
473 496
274 131
189 500
434 509
894 799
881 428
679 241
242 414
338 865
798 705
639 765
159 905
991 48
630 400
319 631
857 52
990 672
353 469
575 646
482 51
563 326
622 743
2 426
433 192
569 219
577 38
282 842
675 913
287 479
40 152
295 960
973 984
10 880
249 6
356 814
527 961
452 685
809 228
663 1
757 166
776 507
338 308
377 170
430 156
896 736
415 456
418 636
291 246
267 321
296 751
652 116
271 425
662 37
901 787
76 733
85 976
690 274
932 299
510 315
257 117
186 85
205 279
689 74
124 681
471 180
608 102
571 106
241 579
438 423
27 802
99 893
685 926
434 220
694 148
452 263
811 617
879 292
271 882
920 64
544 956
198 797
769 365
310 911
428 191
446 95
582 859
864 540
21 569
722 598
451 102
798 771
86 17
158 482
91 909
863 315
974 559
526 905
907 953
180 205
703 322
939 360
310 191
730 474
374 143
839 12
570 708
240 175
576 521
939 505
289 285
605 690
930 732
554 208
779 778
613 627
676 831
1000 520
535 280
386 785
776 185
852 140
141 89
749 260
164 142
774 963
776 264
83 310
780 368
823 434
520 217
460 488
796 970
361 713
982 997
987 653
309 937
23 827
845 155
619 70
927 257
486 115
408 460
337 481
66 543
452 54
770 463
664 630
296 602
941 118
599 638
410 462
803 109
135 80
121 532
160 644
654 788
254 856
534 382
278 568
707 854
229 6
447 467
177 683
119 507
10 29
727 248
730 652
492 719
259 886
668 714
820 957
139 435
212 9
347 357
246 533
650 649
801 88
363 715
310 538
167 135
55 629
887 587
15 115
935 130
997 453
265 276
764 432
325 684
217 51
612 236
670 452
235 691
696 63
772 124
299 578
92 975
588 964
937 196
757 971
424 401
210 638
184 866
657 197
648 519
678 221
457 303
131 42
723 964
305 739
88 205
767 311
490 289
865 299
39 866
65 907
467 115
255 240
629 419
705 499
283 645
271 104
469 690
522 973
839 537
862 714
559 750
432 423
766 422
125 294
185 625
885 284
390 480
969 259
551 671
384 137
239 147
774 378
758 693
210 375
525 748
181 278
718 39
955 307
637 429
530 809
656 756
228 336
328 837
717 469
632 275
581 678
767 655
882 952
194 165
91 215
195 277
363 695
551 176
363 991
864 708
851 830
798 859
814 923
289 313
440 187
85 580
125 686
678 908
494 605
811 365
726 920
805 263
553 310
751 575
784 526
126 711
348 581
75 135
536 691
209 957
946 302
848 532
188 109
386 474
675 581
692 941
822 788
880 584
607 306
865 311
957 287
904 661
961 964
253 546
453 32
87 539
171 883
540 408
16 100
275 817
700 214
224 135
462 129
154 254
180 930
949 689
804 148
718 502
793 989
357 806
323 874
340 596
968 405
5 260
254 182
936 947
613 767
650 705
997 790
375 646
348 360
9 833
943 450
467 509
489 400
660 265
826 113
646 812
171 332
980 762
124 356
324 358
668 643
502 553
375 853
30 400
56 875
879 101
312 213
557 909
3 984
299 433
122 756
423 848
86 10
753 271
511 619
384 86
706 159
377 531
434 132
180 234
532 263
200 744
223 52
777 120
579 804
229 611
412 389
565 249
477 681
151 808
8 10
895 983
588 957
591 296
867 78
657 252
160 308
948 277
5 731
41 87
106 631
503 539
253 740
866 29
922 795
391 428
598 460
781 228
303 800
788 832
538 299
539 30
117 6
541 676
847 468
11 758
800 274
510 576
489 193
345 589
625 861
612 881
323 310
443 240
672 778
153 965
414 403
534 480
480 823
812 145
581 860
893 90
881 946
254 908
890 960
634 822
942 360
513 69
417 104
627 35
773 411
96 425
