873 1141
153 386
247 453
609 25
734 864
214 202
811 233
522 467
613 760
239 779
374 745
588 787
217 555
720 575
778 41
451 763
766 529
20 410
784 368
138 427
768 218
609 691
107 383
802 638
273 222
447 847
330 466
554 474
316 84
719 424
822 841
817 826
443 708
21 524
873 729
651 198
657 204
149 564
577 757
320 473
738 267
708 848
566 87
277 4
260 76
528 540
733 136
381 507
291 601
541 594
45 814
107 652
121 56
531 484
674 352
209 536
714 343
822 743
426 48
217 53
307 362
421 343
553 6
720 786
681 556
249 176
331 873
370 835
538 820
312 830
216 646
97 406
398 710
698 583
303 262
37 122
438 776
638 222
303 708
667 479
575 766
553 742
389 701
537 689
191 6
176 293
517 304
561 285
820 863
101 231
679 376
288 722
629 109
190 555
266 412
151 186
595 685
50 255
773 737
613 156
404 238
575 215
551 547
81 844
360 524
433 395
277 322
241 244
372 192
325 697
640 848
323 339
200 81
12 696
249 726
840 858
160 58
3 354
30 213
574 451
476 682
850 500
414 200
98 205
151 418
349 577
871 446
487 293
268 43
586 58
170 535
19 1
501 220
119 797
480 118
697 690
328 630
750 729
667 569
805 82
730 21
839 857
319 588
472 712
850 851
21 648
801 604
657 311
426 631
109 598
499 748
408 811
779 740
328 321
78 25
319 560
532 654
432 187
198 759
410 804
359 369
803 263
479 318
505 215
855 132
719 667
383 486
202 638
45 674
30 617
191 133
530 529
1 207
339 143
639 729
800 181
812 727
349 314
273 305
85 824
280 285
523 235
288 537
66 744
688 291
657 459
156 111
105 60
46 477
40 775
389 86
364 298
288 195
118 415
781 715
736 188
543 493
30 705
218 726
562 471
378 86
195 194
150 393
334 90
837 474
79 426
89 569
677 759
362 867
683 435
702 38
723 872
165 649
167 846
251 129
6 285
206 343
302 313
67 766
95 703
86 755
35 457
481 255
828 19
693 307
760 457
414 204
514 93
468 281
362 76
462 158
482 744
770 450
842 211
542 200
198 606
664 313
643 178
391 261
239 312
97 860
24 172
451 641
564 274
382 569
592 621
383 287
586 617
105 327
331 81
824 743
454 555
264 22
306 827
773 173
463 42
704 322
575 684
235 407
507 68
139 347
436 137
75 530
74 636
576 406
103 64
458 187
761 703
310 603
534 751
19 516
149 872
591 833
393 714
546 256
103 485
419 471
604 635
801 135
500 805
706 786
429 287
154 115
29 27
805 137
768 243
644 188
37 682
530 146
156 125
637 201
515 778
793 147
437 2
624 211
631 195
81 88
851 217
649 273
601 788
231 123
152 43
148 388
447 224
558 281
522 84
83 831
852 183
786 803
276 67
401 139
590 4
609 848
407 353
517 24
246 846
825 26
108 4
90 234
662 395
91 269
795 124
71 55
53 472
190 11
281 176
541 162
673 825
90 360
431 858
382 514
784 641
765 478
72 691
449 230
493 288
621 392
471 523
731 397
454 684
849 624
776 698
263 52
438 632
368 351
170 778
166 427
239 96
75 66
240 840
627 98
716 243
133 366
715 471
461 114
59 761
223 546
814 718
613 150
599 251
115 308
707 443
475 503
870 578
408 839
664 60
742 860
335 734
358 597
549 605
564 541
402 400
541 268
351 504
417 329
39 226
9 565
697 802
230 524
463 549
664 650
680 825
202 37
551 704
653 340
180 600
765 105
86 81
469 747
406 655
434 676
258 522
437 62
777 221
773 730
123 69
531 458
79 538
865 676
395 458
528 560
548 681
381 616
846 766
870 864
816 872
672 658
487 850
541 491
789 804
18 102
277 394
348 455
471 603
543 757
663 487
699 477
769 771
264 44
476 585
384 627
302 753
794 713
792 4
132 557
407 677
583 672
515 756
241 287
689 560
660 123
33 63
338 438
349 850
722 460
81 128
760 624
74 245
162 458
114 231
277 640
857 576
656 442
598 102
790 491
182 472
431 5
672 125
106 162
100 669
505 606
393 20
732 336
182 667
248 166
575 78
497 801
865 751
139 128
435 239
342 258
632 836
840 156
166 49
190 583
513 225
557 492
366 330
170 81
790 406
398 164
259 74
225 315
574 712
290 705
368 796
225 434
221 65
258 461
466 774
47 306
143 658
611 624
102 503
575 606
329 486
128 178
847 620
687 396
517 708
763 812
524 71
569 646
547 318
492 280
185 141
742 34
785 153
192 181
43 210
179 513
322 676
481 820
415 641
798 378
483 613
642 348
654 389
533 283
650 519
234 816
430 420
529 730
249 486
356 398
127 607
390 387
120 820
307 194
774 567
561 665
564 723
458 625
555 692
324 191
557 511
670 839
684 598
838 485
156 58
108 194
845 13
757 219
549 268
695 744
522 428
808 522
259 680
233 701
694 57
23 325
316 85
609 263
592 313
71 139
486 241
701 261
680 783
385 799
641 50
175 28
214 386
505 594
181 786
18 219
603 784
533 873
49 22
126 541
418 37
15 335
471 210
120 393
80 783
558 498
758 237
780 216
505 498
743 379
672 728
431 832
597 125
109 557
44 294
827 80
757 164
714 827
813 93
163 70
272 101
327 777
538 632
6 873
746 382
250 251
38 349
700 157
576 403
249 307
715 726
376 807
286 298
366 192
675 847
39 433
251 360
113 653
177 219
131 68
683 659
835 302
503 164
496 742
138 190
491 593
105 289
576 431
693 77
754 623
262 476
454 865
304 669
157 277
107 645
146 671
91 17
687 168
729 332
316 155
315 617
150 321
181 600
432 277
253 534
595 457
61 509
199 90
660 664
334 563
391 39
356 795
187 644
345 852
453 370
564 746
122 774
371 724
323 238
333 139
389 849
142 277
873 687
269 353
189 148
731 101
723 667
613 563
836 179
113 664
599 53
39 658
255 194
19 333
725 300
794 371
214 609
547 238
385 735
327 693
271 344
340 725
814 215
356 495
339 305
775 121
568 277
394 654
655 146
328 822
620 433
629 108
292 864
543 174
421 399
408 472
151 627
169 353
334 677
210 655
773 785
396 135
499 164
386 321
185 615
339 216
574 540
628 6
739 582
816 206
690 159
89 341
589 421
501 647
745 230
546 367
653 96
689 687
424 665
123 855
533 570
431 311
366 339
639 480
594 5
839 461
6 14
561 257
593 372
254 662
823 270
4 44
545 572
186 542
476 550
271 549
833 277
189 347
279 132
100 93
116 140
284 113
442 257
572 255
279 553
327 828
458 213
810 731
8 818
93 461
351 195
519 700
651 687
437 601
619 89
439 807
180 528
758 515
483 258
455 181
266 811
622 836
64 781
458 716
614 213
451 821
106 207
709 660
122 286
210 819
805 597
84 307
261 475
124 813
802 856
825 567
741 789
496 369
515 770
85 405
706 816
120 369
89 632
637 35
845 70
59 627
748 390
291 431
301 444
836 140
454 792
616 336
140 426
196 287
500 580
726 31
245 108
273 644
106 751
455 814
69 439
655 408
846 379
33 141
337 559
468 786
143 820
341 484
394 302
767 579
467 725
691 788
523 738
102 356
741 356
786 526
541 434
379 431
260 753
443 685
756 170
571 241
711 246
266 843
824 683
473 625
379 608
53 90
400 191
114 163
690 539
35 11
436 288
575 108
872 296
772 758
187 524
504 166
700 60
310 865
585 807
762 292
23 726
243 190
477 390
816 619
416 872
406 87
518 40
617 244
525 163
699 37
174 711
624 98
21 168
481 581
433 502
600 66
659 383
320 215
299 139
234 834
185 154
461 599
191 498
830 788
239 25
368 514
195 311
678 551
438 841
102 642
697 577
162 290
540 461
394 585
82 810
504 777
611 408
606 306
342 717
440 475
563 721
478 854
299 96
574 220
291 350
87 315
647 572
756 146
282 845
187 589
259 325
545 172
590 706
264 173
29 733
339 547
599 739
187 728
693 33
504 762
280 208
602 67
258 692
609 111
177 437
181 836
658 764
230 279
564 709
71 432
552 123
802 206
455 343
181 549
278 436
450 764
517 69
729 681
788 577
673 859
9 248
783 572
395 794
13 350
345 725
416 675
212 783
560 810
78 241
239 269
296 461
154 641
37 267
489 873
724 634
208 321
335 394
236 356
370 19
358 517
293 416
371 503
459 819
107 102
284 376
200 25
182 596
867 313
367 407
805 683
2 95
455 120
37 345
302 234
385 518
169 337
98 345
29 334
53 792
525 26
141 694
282 181
267 721
206 499
440 251
258 414
709 852
652 470
643 31
711 549
53 234
714 673
831 633
309 170
150 560
130 283
724 302
329 71
14 540
476 574
831 18
9 175
609 45
788 852
324 391
573 668
783 266
43 451
420 663
637 775
199 223
676 280
74 701
26 691
12 642
233 396
407 612
76 207
86 770
370 156
15 258
798 764
609 112
269 815
209 545
737 225
234 783
123 807
532 743
563 318
591 841
754 255
160 707
321 775
544 189
283 387
225 786
841 493
174 332
864 736
499 285
210 591
143 323
524 455
674 436
250 617
208 476
366 332
623 765
409 500
675 208
522 224
574 754
705 609
47 433
478 825
770 728
362 170
746 231
294 614
832 13
117 61
801 324
158 246
60 637
43 602
311 53
284 558
803 614
262 668
167 395
344 544
397 267
472 48
173 3
260 5
817 829
747 162
706 329
698 661
455 850
145 415
284 431
444 116
240 111
164 853
470 673
668 588
649 646
617 825
466 458
88 638
356 276
9 383
801 325
728 667
106 83
459 336
7 132
148 194
596 679
369 470
122 160
351 596
691 268
618 54
90 268
496 535
750 587
669 464
727 179
873 277
862 745
334 110
693 546
411 858
536 463
254 80
163 264
514 262
537 78
808 359
370 656
308 399
784 519
822 312
846 651
284 715
241 71
105 290
536 411
239 562
870 768
454 309
310 46
33 531
283 292
284 174
528 53
611 209
677 765
652 405
536 584
706 164
457 674
192 371
165 199
184 645
135 711
268 14
512 140
284 693
658 624
136 467
658 796
221 248
399 228
681 536
439 824
730 655
34 477
833 86
682 439
862 46
659 272
386 552
744 512
250 576
40 490
322 225
584 762
601 754
779 577
867 211
68 408
870 332
275 586
277 818
22 369
90 761
18 28
